1488498752.006188000
    0.999998   0.00168185 -0.000691823   -0.0150356
 -0.00168063     0.999997    0.0017463   -0.0142593
 0.000694792  -0.00174513     0.999998   -0.0054661
           0            0            0            1
1488498752.107124000
   0.999996  0.00240002 -0.00131422 -0.00490761
-0.00239728    0.999995  0.00208527 -0.00846481
 0.00131923  -0.0020821    0.999997 -0.00732338
          0           0           0           1
1488498752.207965000
    0.999999   0.00123685 -0.000969213   -0.0202656
 -0.00123657     0.999999  0.000302309  -0.00523376
 0.000969578  -0.00030111     0.999999 -0.000856698
           0            0            0            1
1488498752.308829000
    0.999999   0.00113594 -0.000905773   -0.0238285
 -0.00113536     0.999999  0.000648898  -0.00888062
   0.0009065 -0.000647869     0.999999  -0.00121903
           0            0            0            1
1488498752.409654000
   0.999998  0.00164745  -0.0013804  -0.0159874
-0.00164515    0.999997  0.00168111  -0.0154648
 0.00138316 -0.00167883    0.999998 -0.00907451
          0           0           0           1
1488498752.510511000
    0.999998   0.00191005 -0.000981925  -0.00791931
 -0.00190912     0.999998   0.00096926   -0.0100136
 0.000983772 -0.000967377     0.999999  -0.00260174
           0            0            0            1
1488498752.611384000
    0.999996   0.00228988  -0.00179889   -0.0148144
 -0.00228846     0.999997  0.000805392  -0.00333023
  0.00180073 -0.000801253     0.999998   -0.0035544
           0            0            0            1
1488498752.712293000
   0.999997  0.00210981 -0.00108517  -0.0195065
-0.00210852    0.999997  0.00120101 -0.00455475
 0.00108768 -0.00119869    0.999999 -0.00105172
          0           0           0           1
1488498752.813135000
    0.999997   0.00220594 -0.000901188   -0.0212078
 -0.00220467     0.999997   0.00139583  -0.00621796
 0.000904239   -0.0013938     0.999999 -0.000469387
           0            0            0            1
1488498752.913983000
    0.999998   0.00200402 -0.000850063   -0.0121994
 -0.00200317     0.999998  0.000993868   -0.0126762
 0.000852021 -0.000992128     0.999999  -0.00792068
           0            0            0            1
1488498753.014824000
   0.999998   0.0019485 -0.00118604  -0.0148792
-0.00194712    0.999998   0.0011443  -0.0246391
 0.00118824 -0.00114196    0.999999 -0.00300145
          0           0           0           1
1488498753.115765000
    0.999999   0.00159915 -0.000694179   -0.0180473
 -0.00159844     0.999998  0.000978879   -0.0179863
  0.00069572  -0.00097775     0.999999  -0.00347906
           0            0            0            1
1488498753.216541000
    0.999998   0.00182793 -0.000988466   -0.0142727
 -0.00182704     0.999998  0.000901045   -0.0122681
 0.000990072 -0.000899221     0.999999  -0.00115979
           0            0            0            1
1488498753.317393000
   0.999998    0.002066 7.60884e-05  -0.0142746
-0.00206614    0.999997  0.00155544  -0.0114708
-7.29082e-05 -0.00155558    0.999999  0.00158018
          0           0           0           1
1488498753.418240000
   0.999997  0.00198288 -0.00139437   -0.015871
-0.00198015    0.999996  0.00198063  -0.0157318
 0.00139826 -0.00197784    0.999997 -0.00800949
          0           0           0           1
1488498753.519135000
    0.999999   0.00189058    2.517e-05   -0.0157852
 -0.00189065     0.999998  0.000994877  -0.00728226
 -2.3319e-05 -0.000994902            1  -0.00303352
           0            0            0            1
1488498753.620017000
    0.999999   0.00183756 -0.000338235  -0.00564384
 -0.00183716     0.999998   0.00132443   -0.0140457
 0.000340628   -0.0013238     0.999999  -0.00203866
           0            0            0            1
1488498753.720826000
    0.999998   0.00188707 -0.000974601   -0.0102959
  -0.0018859     0.999998   0.00124365   -0.0102615
 0.000976907   -0.0012418     0.999999  -0.00473648
           0            0            0            1
1488498753.821784000
   0.999998  0.00158469 -0.00137812   -0.022995
-0.00158302    0.999998  0.00124547  -0.0143509
 0.00138005 -0.00124325    0.999998 -0.00524241
          0           0           0           1
1488498753.922555000
    0.999998   0.00179761  -0.00124443   -0.0282955
 -0.00179649     0.999998  0.000936116  -0.00595474
  0.00124607 -0.000933841     0.999999 -0.000841916
           0            0            0            1
1488498754.023454000
    0.999998   0.00176258 -0.000917842   -0.0298519
 -0.00176144     0.999998    0.0012835  -0.00474167
 0.000920058  -0.00128184     0.999999  -0.00665849
           0            0            0            1
1488498754.124401000
    0.999999   0.00172301 -0.000835368  -0.00526047
 -0.00172197     0.999998   0.00130829   -0.0195084
 0.000837577  -0.00130681     0.999999  -0.00799054
           0            0            0            1
1488498754.225224000
   0.999998  0.00176768 -0.00116922  -0.0120411
 -0.0017663    0.999998  0.00122132 -0.00753403
 0.00117133 -0.00121921    0.999999 -0.00283539
          0           0           0           1
1488498754.326126000
   0.999998  0.00150506 -0.00162264   -0.015274
-0.00150202    0.999997  0.00191076 -0.00443268
 0.00162547 -0.00190826    0.999997  -0.0053553
          0           0           0           1
1488498754.426832000
           1   0.00120437 -0.000622873    -0.016777
 -0.00120382     0.999999  0.000980299   -0.0162354
 0.000623999 -0.000979499     0.999999  -0.00203109
           0            0            0            1
1488498754.527756000
    0.999999   0.00160069 -0.000981032   0.00399017
 -0.00159913     0.999998   0.00167737   0.00559235
  0.00098366  -0.00167575     0.999998  -0.00903273
           0            0            0            1
1488498754.628856000
   0.999997  0.00162819 -0.00180275  -0.0442085
-0.00162573    0.999998   0.0014116 -0.00250244
 0.00180499 -0.00140861    0.999997 -0.00292414
          0           0           0           1
1488498754.729456000
    0.999999   0.00115828  -0.00113824  -0.00970268
 -0.00115766     0.999999  0.000601755   -0.0105629
  0.00113889 -0.000600368     0.999999  -0.00180835
           0            0            0            1
1488498754.830252000
   0.999997  0.00182666 -0.00186492  -0.0216675
-0.00182415    0.999998  0.00139176 -0.00964355
  0.0018674  -0.0013883    0.999997 -0.00388098
          0           0           0           1
1488498754.931213000
   0.999996  0.00212358 -0.00190541 -0.00857735
-0.00212143    0.999997  0.00117207 -0.00849533
 0.00190782 -0.00116798    0.999998 -0.00173086
          0           0           0           1
1488498755.032049000
    0.999996   0.00269621  -0.00129782    0.0058918
 -0.00269522     0.999996  0.000833986  -0.00990295
      0.0013 -0.000830433     0.999999   0.00134212
           0            0            0            1
1488498755.132905000
   0.999997  0.00225209 -0.00160373   0.0212879
-0.00224896    0.999996  0.00200333  -0.0231514
 0.00160815 -0.00199967    0.999997  -0.0112165
          0           0           0           1
1488498755.233788000
   0.999992  0.00351933 -0.00190113   0.0564861
-0.00351813    0.999994 0.000688229  -0.0219841
 0.00190341 -0.00068147    0.999998 0.000312805
          0           0           0           1
1488498755.334633000
    0.999992   0.00393352 -0.000556025     0.100933
 -0.00393322     0.999992   0.00073877   -0.0110207
 0.000558814 -0.000736546     0.999999   -0.0112228
           0            0            0            1
1488498755.435463000
    0.999993   0.00369403 -0.000585332     0.163813
  -0.0036936     0.999993  0.000956023   -0.0140572
 0.000588755 -0.000953819     0.999999   -0.0126964
           0            0            0            1
1488498755.536388000
    0.999978   0.00660214 -0.000627325     0.224745
 -0.00660197     0.999978  0.000470258   -0.0330658
 0.000630306 -0.000466098            1  -0.00298882
           0            0            0            1
1488498755.637144000
    0.999975   0.00696098  -0.00141877     0.251894
  -0.0069604     0.999976  0.000495163   -0.0423317
  0.00142207 -0.000485303     0.999999   -0.0099138
           0            0            0            1
1488498755.738026000
    0.999987    0.0048303  -0.00189004     0.352125
 -0.00482973     0.999989  0.000377067    -0.015049
  0.00189174 -0.000367957     0.999998  -0.00906259
           0            0            0            1
1488498755.838935000
   0.999968  0.00760171 -0.00262403    0.449293
-0.00759716     0.99997  0.00179064  -0.0318031
 0.00263741 -0.00177069    0.999995  -0.0218087
          0           0           0           1
1488498755.939779000
   0.999976   0.0065056 -0.00264434    0.547661
-0.00650113    0.999978  0.00174589  -0.0144882
 0.00265548 -0.00172869    0.999995  -0.0193421
          0           0           0           1
1488498756.040616000
   0.999933    0.011515 -0.00151968    0.678263
 -0.0115113    0.999931  0.00248512  -0.0290108
   0.001548  -0.0024675    0.999996  -0.0395863
          0           0           0           1
1488498756.141487000
    0.999977   0.00689887 -0.000346597     0.824472
 -0.00689845     0.999975    0.0015574   -0.0348511
 0.000357122  -0.00155502     0.999999   -0.0381674
           0            0            0            1
1488498756.242313000
    0.999948    0.0102478 -0.000879686     0.930403
  -0.0102478     0.999948  7.74808e-05   -0.0446053
 0.000880221 -6.85094e-05            1   -0.0420527
           0            0            0            1
1488498756.343181000
    0.99995  0.00990454 -0.00176986     1.06815
-0.00990011    0.999948   0.0025633  -0.0530472
 0.00179491 -0.00254569    0.999995   -0.053446
          0           0           0           1
1488498756.444111000
   0.999944   0.0104499  -0.0021213     1.18695
 -0.0104462    0.999944  0.00180475  -0.0712509
 0.00213979 -0.00178253    0.999996   -0.055842
          0           0           0           1
1488498756.544986000
    0.999912    0.0132734 -0.000995366      1.35898
   -0.013274     0.999912 -0.000476041   -0.0603561
 0.000988712  0.000489161     0.999999   -0.0635208
           0            0            0            1
1488498756.645742000
    0.999919    0.0127647  -0.00107717      1.47061
  -0.0127656     0.999919 -0.000675478   -0.0612526
  0.00106822  0.000689109     0.999999    -0.066889
           0            0            0            1
1488498756.746691000
     0.9999   0.0139959 -0.00236541     1.58867
 -0.0139991    0.999902 -0.00129632  -0.0717087
  0.0023468  0.00132926    0.999996  -0.0563093
          0           0           0           1
1488498756.847521000
    0.999886    0.0151133  -0.00120739      1.69868
  -0.0151131     0.999886  0.000330494   -0.0728493
  0.00121198 -0.000312231     0.999999   -0.0783614
           0            0            0            1
1488498756.948430000
    0.999895    0.0144893  -0.00102094      1.85274
  -0.0144888     0.999895  0.000583961   -0.0885811
  0.00102901 -0.000569132     0.999999    -0.093458
           0            0            0            1
1488498757.049253000
    0.999865    0.0164316  -0.00106957      1.96732
  -0.0164324     0.999865 -0.000614712   -0.0872383
  0.00105902  0.000632175     0.999999   -0.0875539
           0            0            0            1
1488498757.150084000
    0.999867    0.0163293  0.000342041       2.1189
  -0.0163293     0.999867 -0.000603244   -0.0894127
-0.000352155  0.000597562            1   -0.0920388
           0            0            0            1
1488498757.250901000
    0.999839    0.0179798 -0.000196543      2.21241
  -0.0179804     0.999836  -0.00219489     -0.09198
 0.000156711   0.00219807     0.999997   -0.0881322
           0            0            0            1
1488498757.351871000
    0.999856    0.0169909 -0.000283723      2.34329
  -0.0169918     0.999851  -0.00304912     -0.10976
 0.000231535   0.00305354     0.999995    -0.093188
           0            0            0            1
1488498757.452679000
   0.999787   0.0204515  -0.0029531     2.47715
 -0.0204586    0.999788 -0.00232468   -0.127934
 0.00290459  0.00238468    0.999993   -0.114453
          0           0           0           1
1488498757.553504000
    0.99974   0.0226934 -0.00256458     2.58926
 -0.0226945    0.999743 -0.00035098   -0.132988
 0.00255562 0.000409187    0.999996   -0.106723
          0           0           0           1
1488498757.654411000
    0.999773    0.0213438 -0.000708241      2.67689
  -0.0213448     0.999772  -0.00122784    -0.132854
 0.000681505   0.00124276     0.999999    -0.102432
           0            0            0            1
1488498757.755228000
   0.999791   0.0204805 0.000662517     2.79602
 -0.0204798    0.999789 -0.00139963    -0.14856
-0.000691388  0.00138584    0.999998  -0.0980067
          0           0           0           1
1488498757.856069000
   0.999724   0.0235383 0.000569614     2.94846
 -0.0235365    0.999718 -0.00323356   -0.144314
-0.000645936  0.00321935    0.999994   -0.109834
          0           0           0           1
1488498757.956964000
   0.999731   0.0231688 -0.00137393      3.0517
 -0.0231706    0.999731 -0.00119056   -0.179558
 0.00134559  0.00122215    0.999998   -0.126013
          0           0           0           1
1488498758.057806000
    0.999721    0.0236466  -0.00055643      3.17121
  -0.0236473      0.99972 -0.000931099    -0.165295
 0.000533863  0.000944069     0.999999    -0.129452
           0            0            0            1
1488498758.158663000
   0.999703   0.0243479   0.0013411     3.33067
 -0.0243443      0.9997 -0.00271007   -0.163975
-0.00140708  0.00267666    0.999995   -0.132037
          0           0           0           1
1488498758.259545000
    0.999655    0.0262977 -0.000535989      3.47217
  -0.0262991     0.999651  -0.00252277    -0.192917
 0.000469075   0.00253606     0.999997     -0.13971
           0            0            0            1
1488498758.360371000
   0.999671   0.0256503  0.00136528     3.55449
 -0.0256469    0.999668 -0.00261941   -0.197044
-0.00143239  0.00258361    0.999996     -0.1432
          0           0           0           1
1488498758.461277000
   0.999631   0.0270817   0.0025401     3.68244
  -0.027078    0.999632 -0.00155101   -0.193481
-0.00258158  0.00148172    0.999996   -0.138258
          0           0           0           1
1488498758.562110000
   0.999649   0.0265012  0.00111015     3.82173
 -0.0264989    0.999647 -0.00215573   -0.174423
-0.00116731  0.00212564    0.999997   -0.166497
          0           0           0           1
1488498758.662980000
   0.999635   0.0270354 0.000491822     3.95591
 -0.0270325     0.99962 -0.00542661   -0.180588
-0.000638801  0.00541142    0.999985   -0.160518
          0           0           0           1
1488498758.763820000
    0.999573    0.0292427 -0.000152574      4.09128
  -0.0292432     0.999567  -0.00323998    -0.203911
 5.73461e-05   0.00324316     0.999995     -0.18146
           0            0            0            1
1488498758.864719000
    0.999572    0.0292719 -0.000989237      4.19312
  -0.0292747     0.999568  -0.00272596    -0.213612
 0.000908617   0.00275385     0.999996    -0.162592
           0            0            0            1
1488498758.965586000
   0.999494   0.0317657 -0.00218509      4.2795
 -0.0317698    0.999494 -0.00180768   -0.227421
 0.00212616  0.00187628    0.999996   -0.167442
          0           0           0           1
1488498759.066472000
    0.999539    0.0303728 -0.000114229       4.4252
  -0.0303732     0.999535  -0.00296555    -0.224068
 2.37001e-05   0.00296774     0.999996    -0.185277
           0            0            0            1
1488498759.167243000
   0.999478   0.0323357 0.000134482     4.57365
 -0.0323353    0.999473 -0.00299489   -0.195957
-0.000231661  0.00298905    0.999996   -0.179094
          0           0           0           1
1488498759.268236000
   0.999504   0.0315074 0.000228091      4.6675
 -0.0315067    0.999499 -0.00297948   -0.228065
-0.000322281   0.0029709    0.999996   -0.192451
          0           0           0           1
1488498759.369029000
   0.999515    0.031138  0.00132619     4.79965
 -0.0311336     0.99951 -0.00329609   -0.226448
-0.00142861  0.00325328    0.999994   -0.212744
          0           0           0           1
1488498759.469937000
   0.999452    0.033018  0.00257765     4.91468
 -0.0330051    0.999443 -0.00495008   -0.232124
-0.00274009  0.00486234    0.999985   -0.204329
          0           0           0           1
1488498759.570682000
   0.999381   0.0352015 0.000624125      5.0742
 -0.0351977    0.999366  -0.0053904   -0.230511
-0.000813905  0.00536514    0.999986   -0.207541
          0           0           0           1
1488498759.671541000
   0.999415   0.0341789  0.00170604     5.20328
 -0.0341757    0.999414 -0.00192528   -0.295532
-0.00177125  0.00186591    0.999997   -0.204223
          0           0           0           1
1488498759.772398000
   0.999349   0.0360442  0.00190702     5.32388
 -0.0360344    0.999338 -0.00501766   -0.257164
-0.00208697  0.00494574    0.999986   -0.217367
          0           0           0           1
1488498759.873283000
   0.999305   0.0371264  0.00352559     5.43861
 -0.0371158    0.999307 -0.00305446   -0.267292
 -0.0036369  0.00292157     0.99999   -0.223676
          0           0           0           1
1488498759.974154000
   0.999353   0.0358018   0.0037965     5.56195
 -0.0357849     0.99935 -0.00445333   -0.268604
-0.00395375  0.00431469    0.999983   -0.238955
          0           0           0           1
1488498760.075042000
    0.99933   0.0362903  0.00503732     5.67886
 -0.0362753    0.999337 -0.00305068   -0.277718
-0.00514499  0.00286601    0.999983   -0.241538
          0           0           0           1
1488498760.175920000
   0.999262   0.0383544  0.00244195     5.81398
 -0.0383463    0.999259 -0.00332214   -0.323318
-0.00256786  0.00322612    0.999992   -0.236231
          0           0           0           1
1488498760.276755000
    0.99924   0.0389368  0.00257677     5.95072
 -0.0389233    0.999229 -0.00512101    -0.30817
 -0.0027745  0.00501692    0.999984   -0.232161
          0           0           0           1
1488498760.377659000
    0.999075    0.0430306 -0.000736974      6.12775
  -0.0430331     0.999067  -0.00366925    -0.312317
 0.000578078   0.00369764     0.999994    -0.239408
           0            0            0            1
1488498760.478494000
   0.999056    0.043433 -0.00183578     6.28425
 -0.0434352    0.999056 -0.00108745   -0.304649
 0.00178647  0.00116625    0.999998   -0.248067
          0           0           0           1
1488498760.579343000
    0.999005    0.0446012  -0.00162895      6.44268
   -0.044601     0.999005  0.000223053    -0.313515
  0.00163689 -0.000150075     0.999999    -0.253116
           0            0            0            1
1488498760.680156000
   0.999006   0.0444544 -0.00356529     6.59219
 -0.0444451    0.999009  0.00267778   -0.332977
 0.00368041 -0.00251656    0.999991   -0.246276
          0           0           0           1
1488498760.781086000
    0.998964     0.045523   -0.0013337      6.80742
  -0.0455236     0.998964 -0.000329211    -0.360416
  0.00131697  0.000389684            1    -0.284707
           0            0            0            1
1488498760.881902000
    0.99904    0.043643 -0.00402239     7.01509
 -0.0436575    0.999041 -0.00355499   -0.329029
 0.00386301  0.00372729    0.999986   -0.296398
          0           0           0           1
1488498760.982756000
   0.998902   0.0465664 -0.00544619     7.18169
 -0.0465806    0.998912 -0.00247762   -0.386688
 0.00532451  0.00272868    0.999983   -0.284191
          0           0           0           1
1488498761.083623000
    0.998808    0.0483322  -0.00704732      7.36068
  -0.0483392     0.998831 -0.000818296    -0.396847
  0.00699917    0.0011581     0.999976    -0.277449
           0            0            0            1
1488498761.184531000
   0.998835   0.0480491 -0.00478895     7.56479
 -0.0480601    0.998843 -0.00217784   -0.396599
 0.00467841  0.00240555    0.999987   -0.262345
          0           0           0           1
1488498761.285381000
    0.998691    0.0508267  -0.00588714      7.71709
  -0.0508325     0.998707 -0.000825616     -0.42305
  0.00583726   0.00112392     0.999983    -0.277159
           0            0            0            1
1488498761.386170000
   0.998711   0.0504256 -0.00597117     7.95172
 -0.0504369    0.998726 -0.00173615   -0.382641
 0.00587575  0.00203518    0.999981   -0.302682
          0           0           0           1
1488498761.487026000
   0.998647   0.0517461 -0.00532846     8.12193
 -0.0517545    0.998659  -0.0014163   -0.426186
 0.00524775  0.00169028    0.999986    -0.31098
          0           0           0           1
1488498761.587889000
    0.998578    0.0529822  -0.00603437       8.2945
  -0.0529789     0.998596  0.000722282    -0.448967
  0.00606392 -0.000401448     0.999982    -0.303238
           0            0            0            1
1488498761.688779000
    0.998484    0.0547338  -0.00595122      8.49509
  -0.0547321     0.998501  0.000466219    -0.447674
  0.00596759 -0.000139673     0.999983    -0.313429
           0            0            0            1
1488498761.789634000
   0.998461   0.0552215  -0.0052625     8.67822
 -0.0552326    0.998472 -0.00196245   -0.461967
 0.00514586  0.00225019    0.999985   -0.334359
          0           0           0           1
1488498761.890499000
   0.998319   0.0578472 -0.00389208     8.87428
  -0.057852    0.998325 -0.00109549   -0.520897
 0.00382193  0.00131896    0.999993   -0.341994
          0           0           0           1
1488498761.991342000
   0.998281   0.0583151  -0.0060307     9.04253
 -0.0583284    0.998296 -0.00204054    -0.48592
 0.00590117  0.00238893    0.999981   -0.356848
          0           0           0           1
1488498762.092234000
   0.998324   0.0577364 -0.00425566     9.29451
 -0.0577448     0.99833  -0.0018493   -0.542446
 0.00414152  0.00209208     0.99999   -0.352537
          0           0           0           1
1488498762.193085000
    0.998282    0.0584425  -0.00441738      9.44287
  -0.0584464     0.998291 -0.000731396    -0.551945
  0.00436685  0.000988474     0.999991     -0.34414
           0            0            0            1
1488498762.293988000
   0.998257   0.0589678 -0.00265322     9.65426
 -0.0589752    0.998256 -0.00276119   -0.568634
 0.00248553  0.00291302    0.999993   -0.356071
          0           0           0           1
1488498762.394784000
   0.998115    0.061221 -0.00445923     9.85108
 -0.0612381    0.998116 -0.00378679   -0.613544
 0.00421877   0.0040529    0.999984   -0.378683
          0           0           0           1
1488498762.495733000
   0.998051   0.0621829  -0.0054373     10.0747
 -0.0622129    0.998048 -0.00551774   -0.595592
 0.00508339  0.00584545    0.999971   -0.390516
          0           0           0           1
1488498762.596513000
   0.997924   0.0642232 -0.00502642     10.1818
 -0.0642437    0.997927 -0.00400892    -0.65543
 0.00475834  0.00432371     0.99998    -0.39535
          0           0           0           1
1488498762.697389000
    0.99791   0.0645027 -0.00422564     10.4187
 -0.0645187     0.99791 -0.00372649   -0.615868
  0.0039762  0.00399154    0.999985   -0.401004
          0           0           0           1
1488498762.798251000
   0.997989   0.0633914 -0.00146739     10.5882
 -0.0633999    0.997966  -0.0066664   -0.659546
  0.0010416  0.00674625    0.999978   -0.404768
          0           0           0           1
1488498762.899112000
   0.997726   0.0673386  -0.0031927     10.7758
 -0.0673571    0.997711 -0.00602134   -0.690826
 0.00277968  0.00622291    0.999978   -0.403851
          0           0           0           1
1488498763.000012000
   0.997645   0.0685763 -0.00208375     11.0022
 -0.0685946     0.99759   -0.010473   -0.692604
 0.00136026   0.0105915    0.999944   -0.421929
          0           0           0           1
1488498763.100806000
   0.997569    0.069437 -0.00609446     11.1718
 -0.0694813    0.997557 -0.00735276   -0.715523
 0.00556874  0.00775853    0.999955   -0.424425
          0           0           0           1
1488498763.201654000
    0.99766   0.0681345 -0.00588837     11.3641
 -0.0681614    0.997665 -0.00445978   -0.730129
 0.00557048   0.0048509    0.999973   -0.439214
          0           0           0           1
1488498763.302530000
   0.997886   0.0648986 -0.00382496     11.5448
 -0.0649313    0.997849 -0.00909023   -0.727192
 0.00322652  0.00931955    0.999952    -0.42861
          0           0           0           1
1488498763.403394000
   0.997965   0.0635499  -0.0054204     11.7241
 -0.0635865    0.997954 -0.00681181   -0.745979
 0.00497614  0.00714277    0.999963   -0.447916
          0           0           0           1
1488498763.504231000
   0.998087   0.0617323 -0.00376152     11.9317
  -0.061771    0.998029   -0.011145   -0.735916
 0.00306582   0.0113562    0.999932   -0.439753
          0           0           0           1
1488498763.605091000
   0.998666   0.0512537 -0.00650791     12.1182
 -0.0512963    0.998663 -0.00651445   -0.778038
 0.00616508   0.0068397    0.999959   -0.464194
          0           0           0           1
1488498763.705955000
   0.999212   0.0396771  -0.0021265     12.3174
 -0.0396847    0.999206 -0.00359129   -0.818668
 0.00198212    0.003673    0.999992   -0.485017
          0           0           0           1
1488498763.806827000
   0.999614   0.0266838 -0.00797565     12.5049
 -0.0267617    0.999594 -0.00980644   -0.758419
 0.00771052   0.0100162    0.999921   -0.470789
          0           0           0           1
1488498763.907783000
   0.999901   0.0132287 -0.00508669     12.6646
 -0.0132755     0.99987 -0.00924931   -0.770947
 0.00496341  0.00931611    0.999945   -0.473336
          0           0           0           1
1488498764.008586000
   0.999966 -0.00423541 -0.00722685     12.8635
 0.00415811    0.999935  -0.0106572    -0.72374
 0.00727126    0.010627    0.999918    -0.48473
          0           0           0           1
1488498764.109422000
   0.999774  -0.0200105 -0.00733424      13.071
  0.0199252    0.999736  -0.0114986   -0.757225
 0.00756213     0.01135    0.999908    -0.46527
          0           0           0           1
1488498764.210262000
   0.999212  -0.0392845 -0.00584029     13.3088
  0.0392152    0.999165  -0.0115263   -0.736504
 0.00628801   0.0112883    0.999918   -0.495568
          0           0           0           1
1488498764.311212000
  0.998711 -0.0504956 -0.0054174    13.4593
 0.0504284   0.998658  -0.011862  -0.783806
 0.0060089  0.0115737   0.999916  -0.486839
         0          0          0          1
1488498764.412085000
   0.998323  -0.0576016 -0.00602603     13.6472
  0.0575146    0.998251  -0.0137147    -0.72406
 0.00680524   0.0133453    0.999889   -0.496619
          0           0           0           1
1488498764.512905000
   0.997862  -0.0649697 -0.00727696     13.7992
  0.0648714     0.99781  -0.0130017   -0.737019
 0.00810552   0.0125021     0.99989   -0.499567
          0           0           0           1
1488498764.613756000
    0.99729   -0.073388 -0.00537095     13.9457
  0.0733214    0.997241  -0.0116863   -0.734863
 0.00621356   0.0112611    0.999918   -0.503412
          0           0           0           1
1488498764.714578000
   0.996575  -0.0825291 -0.00545299     14.0977
  0.0824591    0.996523  -0.0119978   -0.737686
   0.006424   0.0115074    0.999914   -0.505064
          0           0           0           1
1488498764.815442000
   0.996132  -0.0877743 -0.00445513     14.2155
  0.0877251    0.996093  -0.0102256   -0.746685
 0.00533503   0.0097955    0.999939    -0.51739
          0           0           0           1
1488498764.916349000
   0.99456  -0.103979 -0.0064362    14.3596
  0.103873   0.994479 -0.0149545  -0.655071
0.00795534  0.0142048   0.999869  -0.519603
         0          0          0          1
1488498765.017198000
   0.993074   -0.117335 -0.00632486     14.5227
   0.117196    0.992928  -0.0190069   -0.656788
 0.00851005   0.0181343      0.9998   -0.506972
          0           0           0           1
1488498765.118011000
   0.991392    -0.13067 -0.00840208     14.6641
   0.130535    0.991332  -0.0149518   -0.703297
  0.0102827   0.0137265    0.999854   -0.519741
          0           0           0           1
1488498765.218925000
  0.989453  -0.144501  -0.010237    14.8272
  0.144315   0.989386 -0.0170316  -0.608818
 0.0125893  0.0153749   0.999803  -0.533265
         0          0          0          1
1488498765.319733000
  0.986902  -0.160982 -0.0105693    15.0184
  0.160783   0.986834 -0.0175659  -0.591324
 0.0132577  0.0156367   0.999791  -0.532833
         0          0          0          1
1488498765.420659000
   0.984615   -0.174602 -0.00707522     15.2176
   0.174481    0.984547  -0.0150386   -0.585857
 0.00959146    0.013573    0.999863   -0.529371
          0           0           0           1
1488498765.521435000
   0.983444   -0.181101 -0.00659022     15.3786
   0.180979    0.983359  -0.0159232   -0.574749
  0.0093641   0.0144671    0.999852   -0.537715
          0           0           0           1
1488498765.622328000
    0.98362   -0.180163 -0.00595638     15.5639
   0.180041    0.983514  -0.0169532   -0.533489
 0.00891235   0.0156033     0.99984   -0.545593
          0           0           0           1
1488498765.723234000
   0.983806   -0.179156 -0.00556376      15.744
    0.17904    0.983696  -0.0169939   -0.500332
 0.00851743   0.0157227    0.999841    -0.55033
          0           0           0           1
1488498765.824106000
   0.983975   -0.178209 -0.00605471     15.9353
   0.178068    0.983837  -0.0189334   -0.466068
 0.00933076    0.017552    0.999803   -0.560161
          0           0           0           1
1488498765.924917000
   0.983972   -0.178221 -0.00623644      16.137
   0.178069    0.983821  -0.0197371   -0.455151
 0.00965297   0.0183105    0.999787   -0.553088
          0           0           0           1
1488498766.025733000
  0.984224  -0.176815 -0.0064605    16.3078
  0.176626   0.984011 -0.0229892  -0.432922
 0.0104219  0.0214857   0.999716  -0.571332
         0          0          0          1
1488498766.126630000
   0.984752   -0.173861 -0.00617967     16.4839
   0.173722    0.984621   -0.018548   -0.417606
 0.00930926   0.0171919     0.99981   -0.583564
          0           0           0           1
1488498766.227455000
    0.98479   -0.173695 -0.00459671     16.7208
   0.173557    0.984584  -0.0217628   -0.397556
 0.00830583   0.0206342    0.999754   -0.577375
          0           0           0           1
1488498766.328550000
   0.984921   -0.173008 -0.00145563     16.8502
   0.172933    0.984685  -0.0221847   -0.354935
 0.00527135   0.0215986    0.999754   -0.583756
          0           0           0           1
1488498766.429208000
    0.985034    -0.172369 -0.000879782      17.0597
    0.172316     0.984832   -0.0203599     -0.31675
  0.00437575    0.0199038     0.999793    -0.585394
           0            0            0            1
1488498766.530054000
    0.98521   -0.171353 -0.00129897     17.2598
   0.171295    0.985027  -0.0195251   -0.305927
  0.0046251    0.019014    0.999809   -0.600249
          0           0           0           1
1488498766.630972000
   0.985582   -0.169201 -0.00165783     17.4303
    0.16914    0.985414  -0.0187872   -0.272396
 0.00481235   0.0182361    0.999823   -0.606442
          0           0           0           1
1488498766.731776000
    0.985515    -0.169596 -0.000931049      17.6222
    0.169554     0.985363   -0.0176863    -0.234711
  0.00391685    0.0172725     0.999844    -0.618993
           0            0            0            1
1488498766.832714000
   0.985721   -0.168397 0.000174457     17.7975
   0.168372    0.985555  -0.0182878   -0.175549
 0.00290757   0.0180562    0.999834   -0.617343
          0           0           0           1
1488498766.933583000
   0.985819   -0.167817 -0.00138355     17.9598
   0.167766    0.985666  -0.0178775   -0.188751
 0.00436375   0.0173921     0.99984   -0.608066
          0           0           0           1
1488498767.034368000
   0.985757   -0.168184 0.000285887     18.1216
   0.168157    0.985568  -0.0195166    -0.12458
 0.00300046   0.0192868    0.999811   -0.629782
          0           0           0           1
1488498767.135267000
   0.985892   -0.167388 0.000290061     18.2551
   0.167371    0.985767  -0.0158665   -0.131847
 0.00236981   0.0156914    0.999875    -0.64055
          0           0           0           1
1488498767.236128000
  0.985882  -0.167439 0.00172474    18.3983
  0.167444   0.985743 -0.0165608  -0.134689
0.00107267   0.016616   0.999862  -0.638933
         0          0          0          1
1488498767.336964000
    0.984205    -0.177038 -0.000420867      18.5333
    0.177008     0.984076   -0.0162421    -0.138573
   0.0032895    0.0159112     0.999869    -0.659961
           0            0            0            1
1488498767.437865000
    0.981554    -0.191188 -0.000951254      18.6894
    0.191136      0.98138   -0.0190033   -0.0862732
  0.00456668    0.0184711      0.99982      -0.6398
           0            0            0            1
1488498767.538752000
    0.978624     -0.20566 -0.000903778      18.8115
    0.205607     0.978454   -0.0188339   -0.0374947
  0.00475762    0.0182456     0.999823    -0.645186
           0            0            0            1
1488498767.639554000
   0.974192   -0.225723 -0.00126311     18.9582
   0.225675    0.974075  -0.0158067  -0.0948334
 0.00479826   0.0151139    0.999875   -0.663732
          0           0           0           1
1488498767.740465000
   0.970012    -0.24306 -0.00132201     19.0272
   0.243003    0.969875  -0.0171228  -0.0290413
   0.005444   0.0162882    0.999854   -0.661083
          0           0           0           1
1488498767.841282000
    0.965524    -0.260321 -0.000623593      19.1448
    0.260277     0.965399   -0.0162038    0.0172729
  0.00482015     0.015483      0.99987    -0.673675
           0            0            0            1
1488498767.942132000
   0.960692   -0.277594 -0.00396333      19.252
   0.277508    0.960608  -0.0149339   0.0208397
 0.00795271   0.0132472    0.999882   -0.670816
          0           0           0           1
1488498768.042973000
   0.955158    -0.29605 -0.00561395     19.3547
   0.295905    0.955039  -0.0185175    0.108532
  0.0108436   0.0160261    0.999814   -0.664717
          0           0           0           1
1488498768.143894000
   0.950088   -0.311947 -0.00518394     19.5149
   0.311809     0.94997  -0.0182826     0.14299
  0.0106277    0.015754     0.99982   -0.669987
          0           0           0           1
1488498768.244698000
   0.943944   -0.330083 -0.00433772     19.6043
   0.329974    0.943847  -0.0165299    0.170662
 0.00955031   0.0141722    0.999855   -0.673853
          0           0           0           1
1488498768.345575000
   0.938044   -0.346493 -0.00449318     19.6967
   0.346368    0.937934  -0.0176483     0.22517
  0.0103292   0.0149989    0.999835   -0.667937
          0           0           0           1
1488498768.446402000
   0.931683   -0.363248 -0.00472951     19.8108
   0.363084    0.931529  -0.0206124    0.269985
   0.011893   0.0174872    0.999778   -0.666785
          0           0           0           1
1488498768.547239000
   0.926421   -0.376465 -0.00471401     19.9425
   0.376319    0.926297  -0.0189607    0.307751
  0.0115045   0.0157919     0.99981   -0.674923
          0           0           0           1
1488498768.648183000
   0.919085   -0.394043 -0.00414737     20.0455
   0.393915    0.918974  -0.0179058    0.354954
  0.0108668   0.0148234    0.999832   -0.671396
          0           0           0           1
1488498768.749011000
    0.91234   -0.409414 -0.00452111     20.1583
   0.409262    0.912214   -0.019299    0.408119
  0.0120254   0.0157571    0.999805   -0.682346
          0           0           0           1
1488498768.849856000
   0.905318   -0.424706 -0.00531453     20.2188
   0.424516    0.905176  -0.0211048    0.468136
  0.0137738   0.0168506    0.999765   -0.669328
          0           0           0           1
1488498768.950786000
   0.897629   -0.440731 -0.00474484     20.3889
   0.440546    0.897478   -0.021311    0.493267
  0.0136507   0.0170393    0.999763   -0.691318
          0           0           0           1
1488498769.051576000
   0.890298   -0.455361 -0.00451103      20.451
     0.4552    0.890175  -0.0195836    0.534466
  0.0129331    0.015382    0.999799   -0.693916
          0           0           0           1
1488498769.152391000
   0.881845   -0.471513 -0.00534511     20.5579
   0.471302    0.881698  -0.0220329    0.614174
  0.0151014   0.0169106    0.999744   -0.695645
          0           0           0           1
1488498769.253301000
   0.873877   -0.486114 -0.00598496     20.7144
   0.485892    0.873746  -0.0218878    0.709145
  0.0158692   0.0162195    0.999744    -0.69734
          0           0           0           1
1488498769.354185000
   0.866112   -0.499843 -0.00334184     20.7656
   0.499667    0.865951  -0.0215412     0.72607
   0.013661   0.0169876    0.999764    -0.70942
          0           0           0           1
1488498769.455072000
   0.858621   -0.512597 -0.00423988     20.9053
   0.512404    0.858475   -0.021541    0.766422
  0.0146816   0.0163233    0.999761   -0.711303
          0           0           0           1
1488498769.555875000
   0.849538    -0.52752 -0.00338855     20.9873
   0.527316    0.849357  -0.0230639    0.886166
  0.0150447   0.0178071     0.99973   -0.719689
          0           0           0           1
1488498769.656714000
    0.84093   -0.541139 -0.00296773     21.0572
   0.540916    0.840718  -0.0246074    0.926785
   0.015811   0.0190881    0.999695   -0.719436
          0           0           0           1
1488498769.757581000
    0.83288    -0.55345 -0.00293127     21.1696
   0.553246    0.832694  -0.0232873     0.98941
  0.0153292    0.017774    0.999727   -0.722454
          0           0           0           1
1488498769.858441000
   0.821802   -0.569771 -0.00242344     21.2679
   0.569545    0.821581   -0.024994      1.1072
  0.0162319   0.0191601    0.999687   -0.733956
          0           0           0           1
1488498769.959370000
    0.81262   -0.582784 -0.00387671     21.3772
   0.582543    0.812443  -0.0241218        1.17
  0.0172074   0.0173438    0.999704   -0.720021
          0           0           0           1
1488498770.060161000
   0.804429   -0.594039 -0.00377815     21.4727
   0.593755    0.804211  -0.0264912      1.2509
  0.0187752   0.0190672    0.999644   -0.723412
          0           0           0           1
1488498770.161003000
   0.794173   -0.607684 -0.00352638     21.5705
   0.607383    0.793938   -0.027399     1.32433
  0.0194496    0.019618    0.999621   -0.717039
          0           0           0           1
1488498770.261978000
   0.783669   -0.621146 -0.00669936     21.6777
    0.62081    0.783526  -0.0261579     1.41086
   0.021497   0.0163404    0.999638    -0.73577
          0           0           0           1
1488498770.362748000
   0.773558    -0.63371 -0.00485724     21.7653
   0.633392    0.773372  -0.0266847     1.46989
  0.0206668   0.0175659    0.999634   -0.728526
          0           0           0           1
1488498770.463630000
    0.76184   -0.647763 -0.00241126     21.8753
    0.64748    0.761605  -0.0270074     1.57723
  0.0193308   0.0190143    0.999635   -0.735231
          0           0           0           1
1488498770.564490000
