1498459391.740973000
    0.999996   -0.0027508 -0.000516464   0.00763343
  0.00275107     0.999996   0.00051283   -0.0219927
 0.000515051 -0.000514249            1  -0.00544691
           0            0            0            1
1498459391.841827000
           1   0.00080669 -0.000498577    0.0313942
-0.000805942     0.999999   0.00150035  -0.00592041
 0.000499787  -0.00149995     0.999999   -0.0173999
           0            0            0            1
1498459391.942700000
    0.999998  -0.00218172 -0.000203793  -0.00116622
   0.0021818     0.999998  0.000382372   -0.0201564
 0.000202958 -0.000382815            1  -0.00335872
           0            0            0            1
1498459392.043548000
           1 -0.000923206  0.000206105  -0.00583088
 0.000923062     0.999999  0.000700931  -0.00539327
-0.000206751 -0.000700741            1   -0.0197979
           0            0            0            1
1498459392.144412000
           1  0.000248701  5.06167e-05   -0.0313208
-0.000248739            1  0.000754774   -0.0168581
-5.04289e-05 -0.000754786            1   -0.0115947
           0            0            0            1
1498459392.245293000
          1 0.000292173 0.000120974  -0.0218886
-0.000292339    0.999999  0.00137673  -0.0137882
-0.000120572 -0.00137677    0.999999  -0.0085938
          0           0           0           1
1498459392.346526000
    0.999999   0.00118469 -0.000499581   0.00929618
 -0.00118409     0.999999   0.00119385  -0.00753021
 0.000500995  -0.00119325     0.999999   -0.0121909
           0            0            0            1
1498459392.447493000
           1 -0.000177446 -5.07387e-05    0.0271704
 0.000177479            1  0.000661616   0.00471401
 5.06213e-05 -0.000661624            1  -0.00280607
           0            0            0            1
1498459392.548330000
    0.999998  -0.00170673   0.00080109    0.0168178
  0.00170719     0.999998 -0.000577877   -0.0231557
-0.000800102  0.000579243            1     -0.00448
           0            0            0            1
1498459392.649477000
           1 -0.000313218 -0.000170413    0.0288134
 0.000313414     0.999999   0.00114731   -0.0233569
 0.000170054  -0.00114736     0.999999   -0.0114809
           0            0            0            1
1498459392.749594000
           1 -0.000731881 -3.47458e-05    0.0470083
 0.000731903            1  0.000650449   -0.0105996
 3.42698e-05 -0.000650475            1   -0.0123025
           0            0            0            1
1498459392.850440000
           1 -0.000700916 -0.000458166   0.00752687
  0.00070136     0.999999  0.000969063    -0.014914
 0.000457486 -0.000969385     0.999999  -0.00544286
           0            0            0            1
1498459392.951312000
           1   0.00068546 -0.000477491    0.0318265
-0.000684884     0.999999    0.0012048  -0.00404358
 0.000478317  -0.00120447     0.999999   -0.0148535
           0            0            0            1
1498459393.052217000
           1 -0.000649656  8.68769e-05    0.0370119
  0.00064956     0.999999   0.00110192  -0.00476313
-8.75927e-05  -0.00110186     0.999999  0.000162005
           0            0            0            1
1498459393.153047000
           1 -0.000191973 -0.000108435  -0.00728011
 0.000191977            1  4.19672e-05    0.0186405
 0.000108427  -4.1988e-05            1 -0.000570297
           0            0            0            1
1498459393.253922000
           1 -0.000537138 -0.000623619   -0.0189986
 0.000537734     0.999999  0.000955938  -0.00622749
 0.000623105 -0.000956274     0.999999    0.0045166
           0            0            0            1
1498459393.354813000
           1 -0.000591108 -0.000149738     0.041713
 0.000591336     0.999999   0.00152486   -0.0238953
 0.000148836  -0.00152495     0.999999  -0.00560308
           0            0            0            1
1498459393.455667000
           1 -0.000595804 -0.000254896    0.0122015
  0.00059588            1  0.000295436  -0.00546169
  0.00025472 -0.000295588            1  -0.00338888
           0            0            0            1
1498459393.556483000
           1   0.00062568 -0.000163358    0.0233073
-0.000625488     0.999999   0.00116697   -0.0115051
 0.000164088  -0.00116686     0.999999   -0.0105698
           0            0            0            1
1498459393.657406000
           1 -0.000565792 -7.42599e-05    0.0283291
 0.000565943     0.999998    0.0020505  -0.00961304
 7.30996e-05  -0.00205054     0.999998   -0.0110097
           0            0            0            1
1498459393.859088000
          1 0.000473331 0.000489502   0.0216112
-0.000473369           1 7.69414e-05  -0.0108032
-0.000489466 -7.7173e-05           1  -0.0107515
          0           0           0           1
1498459393.959941000
           1  0.000193431  -0.00027597    0.0306699
-0.000193178            1  0.000915459  -0.00608015
 0.000276146 -0.000915405            1  -0.00700998
           0            0            0            1
1498459394.060814000
           1 -0.000811478 -0.000209507    0.0110986
 0.000811722     0.999999   0.00116932  -0.00572681
 0.000208557  -0.00116948     0.999999  -0.00351739
           0            0            0            1
1498459394.161686000
           1   0.00036684 -5.99377e-05   -0.0178132
-0.000366804            1  0.000615783 -0.000502586
 6.01635e-05 -0.000615761            1  -0.00536847
           0            0            0            1
1498459394.264027000
           1 -0.000363595  -0.00030323   0.00536108
 0.000363841            1  0.000814851  -0.00762033
 0.000302934 -0.000814961            1  -0.00994444
           0            0            0            1
1498459394.363397000
           1  0.000383307 -0.000453004  -0.00776601
-0.000382633     0.999999   0.00148521   0.00598717
 0.000453572  -0.00148504     0.999999    -0.015198
           0            0            0            1
1498459394.565143000
           1  -0.00023033 -0.000195227   -0.0015378
 0.000230466            1   0.00069235   -0.0232148
 0.000195067 -0.000692395            1   -0.0112352
           0            0            0            1
1498459394.665987000
           1 -0.000100192 -0.000224989     0.028239
  0.00010058     0.999999   0.00172345   -0.0197268
 0.000224815  -0.00172348     0.999999  -0.00960374
           0            0            0            1
1498459394.766859000
           1 -1.02615e-05 -0.000738864    0.0382912
 1.08428e-05            1  0.000786808   -0.0149693
 0.000738856 -0.000786816     0.999999   -0.0157454
           0            0            0            1
1498459394.867736000
           1  5.26714e-05 -0.000114759  -0.00497723
 -5.2637e-05            1  0.000299529  0.000119686
 0.000114775 -0.000299523            1  -0.00402021
           0            0            0            1
1498459394.968604000
           1 -0.000407911 -0.000184628    0.0367012
 0.000408217     0.999999   0.00166569   -0.0159073
 0.000183948  -0.00166576     0.999999    -0.011044
           0            0            0            1
1498459395.069497000
           1 -0.000652622 -7.93225e-05  -0.00688839
 0.000652777     0.999998   0.00196472   0.00394964
 7.80401e-05  -0.00196477     0.999998   -0.0229774
           0            0            0            1
1498459395.271217000
   0.999997 -0.00232485 6.63508e-05 -0.00780797
 0.00232471    0.999995  0.00196428  -0.0195236
-7.09171e-05 -0.00196412    0.999998  -0.0193629
          0           0           0           1
1498459395.372065000
    0.999999  -0.00157217 -0.000366027     0.003052
  0.00157267     0.999998   0.00136223   -0.0201755
 0.000363884   -0.0013628     0.999999   -0.0167789
           0            0            0            1
1498459395.474007000
    0.999999   0.00124519 -0.000429403   -0.0397668
 -0.00124498     0.999999  0.000489568  -0.00476122
 0.000430013 -0.000489032            1   -0.0142062
           0            0            0            1
1498459395.573753000
   0.999995 0.000877609 -0.00309995  -0.0194976
-0.000873348    0.999999  0.00137559   -0.011158
 0.00310116 -0.00137287    0.999994  -0.0157835
          0           0           0           1
1498459395.674956000
    0.999996 -0.000119405  -0.00279783   -0.0101938
 0.000120072            1  0.000238168   0.00272846
   0.0027978 -0.000238503     0.999996   0.00261474
           0            0            0            1
1498459395.775777000
    0.999999  0.000647358 -0.000835677    0.0555525
-0.000646802            1  0.000664988  -0.00385809
 0.000836107 -0.000664448     0.999999   -0.0160322
           0            0            0            1
1498459395.876351000
   0.999999 0.000557589 -0.00113898     0.12514
-0.000555879    0.999999  0.00150042   0.0164652
 0.00113981 -0.00149978    0.999998   -0.011452
          0           0           0           1
1498459396.078094000
    0.999999   0.00108339 -0.000923002     0.326987
 -0.00108264     0.999999  0.000816364    0.0192633
 0.000923886 -0.000815364     0.999999   -0.0114055
           0            0            0            1
1498459396.178944000
   0.999997   0.0021653 -0.00112929     0.40509
-0.00216413    0.999997  0.00103992   0.0316844
 0.00113154 -0.00103748    0.999999  -0.0182893
          0           0           0           1
1498459396.279803000
   0.999994  0.00322445 -0.00119697    0.523684
-0.00322278    0.999994  0.00140015   0.0285511
 0.00120148 -0.00139629    0.999998  -0.0121584
          0           0           0           1
1498459396.380673000
   0.999992  0.00382581  0.00143273    0.675138
-0.00382853    0.999991  0.00190133   0.0253558
-0.00142544  -0.0019068    0.999997 -0.00977325
          0           0           0           1
1498459396.481543000
   0.999994  0.00269939  0.00199382    0.710125
-0.00270484    0.999993  0.00273459   0.0307822
-0.00198643 -0.00273996    0.999994  -0.0477455
          0           0           0           1
1498459396.683249000
    0.999956    0.0093714 -0.000984836     0.907255
 -0.00937032     0.999955   0.00109298    0.0713634
 0.000995035  -0.00108371     0.999999   -0.0318096
           0            0            0            1
1498459396.784132000
   0.999975  0.00681512  0.00193917     1.02878
-0.00681942    0.999974   0.0022182     0.04637
  -0.001924 -0.00223137    0.999996  -0.0404887
          0           0           0           1
1498459396.885035000
   0.999957  0.00930818 0.000353004     1.13191
-0.00930869    0.999956  0.00148762    0.081615
-0.000339141 -0.00149084    0.999999   -0.036294
          0           0           0           1
1498459397.086729000
    0.999955   0.00944168 -0.000525309      1.40357
 -0.00943987      0.99995   0.00335267    0.0846791
 0.000556937  -0.00334756     0.999994   -0.0535331
           0            0            0            1
1498459397.187613000
   0.999936   0.0111632 -0.00168903     1.47362
 -0.0111614    0.999937   0.0010227   0.0792961
 0.00170034 -0.00100378    0.999998  -0.0357833
          0           0           0           1
1498459397.288444000
   0.999921   0.0124447 -0.00155706     1.60337
 -0.0124426    0.999922  0.00136605   0.0940375
 0.00157394 -0.00134657    0.999998  -0.0517554
          0           0           0           1
1498459397.490158000
   0.999873   0.0158421 -0.00199736     1.77146
 -0.0158393    0.999874  0.00137687    0.089818
 0.00201892 -0.00134506    0.999997  -0.0565329
          0           0           0           1
1498459397.591025000
    0.999867    0.0161727  -0.00220237      1.91836
  -0.0161715     0.999869   0.00057666    0.0928097
  0.00221141 -0.000540967     0.999997   -0.0586524
           0            0            0            1
1498459397.792787000
    0.999796    0.0201572  -0.00112815      2.18488
  -0.0201563     0.999797  0.000798733    0.0961637
  0.00114403 -0.000775831     0.999999   -0.0544994
           0            0            0            1
1498459397.893665000
   0.999772   0.0212588 -0.00176956       2.272
  -0.021256    0.999773  0.00154666    0.118602
 0.00180203 -0.00150869    0.999997  -0.0716004
          0           0           0           1
1498459398.095492000
    0.999782    0.0208905 -0.000503344      2.50041
    -0.02089     0.999781  0.000995158     0.112217
 0.000524023 -0.000984425     0.999999    -0.068589
           0            0            0            1
1498459398.196229000
    0.999779    0.0209952 -0.000816113      2.63093
  -0.0209941     0.999779   0.00135095     0.114787
 0.000844296  -0.00133352     0.999999   -0.0810347
           0            0            0            1
1498459398.397941000
    0.999705    0.0242721  -0.00103907      2.78111
  -0.0242715     0.999705  0.000515029     0.104777
  0.00105127 -0.000489657     0.999999   -0.0934465
           0            0            0            1
1498459398.498792000
    0.999708    0.0241466  -0.00118365      2.94243
  -0.0241463     0.999708  0.000277434     0.143246
  0.00119001 -0.000248772     0.999999    -0.077913
           0            0            0            1
1498459398.701199000
    0.999606    0.0280311  -0.00139606      3.18991
  -0.0280306     0.999607  0.000401881      0.15458
  0.00140678 -0.000362591     0.999999   -0.0850306
           0            0            0            1
1498459398.801454000
    0.999566    0.0294508 -0.000880319      3.27688
    -0.02945     0.999566  0.000958252     0.138961
 0.000908158  -0.00093191     0.999999   -0.0917892
           0            0            0            1
1498459399.003120000
    0.999512    0.0311747  -0.00213712      3.46425
  -0.0311737     0.999514  0.000465614     0.164206
   0.0021506 -0.000398765     0.999998     -0.10118
           0            0            0            1
1498459399.103997000
    0.999593    0.0283281  -0.00348381      3.61742
  -0.0283253     0.999598  0.000846843     0.151301
   0.0035064 -0.000747818     0.999994    -0.093374
           0            0            0            1
1498459399.305731000
   0.999455   0.0329354 -0.00203768     3.83939
 -0.0329332    0.999457  0.00110222    0.164374
 0.00207288 -0.00103451    0.999997   -0.105235
          0           0           0           1
1498459399.406598000
    0.999453    0.0330179  -0.00208076      3.96229
  -0.0330163     0.999454  0.000798267     0.173341
  0.00210598 -0.000729131     0.999997    -0.123002
           0            0            0            1
1498459399.609312000
   0.999392   0.0348292 -0.00162976     4.10957
  -0.034827    0.999393   0.0013227    0.160359
 0.00167484 -0.00126514    0.999998   -0.132302
          0           0           0           1
1498459399.710265000
   0.999246   0.0388078  -0.0011217     4.22374
 -0.0388055    0.999245  0.00202689    0.180014
 0.00119951 -0.00198183    0.999997   -0.130908
          0           0           0           1
1498459399.910890000
   0.998142   0.0609171 -0.00153532      4.4379
 -0.0609154    0.998142  0.00117198     0.17749
 0.00160386 -0.00107628    0.999998   -0.130739
          0           0           0           1
1498459400.112614000
    0.996828    0.0795562  -0.00223805      4.70596
  -0.0795555      0.99683  0.000385475     0.149927
  0.00226162 -0.000206203     0.999997    -0.122238
           0            0            0            1
1498459400.213484000
   0.995905   0.0903691 -0.00244888     4.75891
 -0.0903639    0.995906  0.00217294    0.149107
 0.00263522 -0.00194275    0.999995   -0.137665
          0           0           0           1
1498459400.415198000
    0.993867     0.110583 -0.000831691       4.9951
   -0.110581     0.993865   0.00198579     0.157044
  0.00104618  -0.00188164     0.999998    -0.150145
           0            0            0            1
1498459400.516082000
   0.992465    0.122514 -0.00157456     5.15715
  -0.122512    0.992466  0.00165432    0.159362
 0.00176538 -0.00144895    0.999997   -0.138219
          0           0           0           1
1498459400.717811000
    0.990235     0.139405 -0.000515306      5.33264
   -0.139404     0.990233   0.00206407     0.188589
 0.000798015  -0.00197208     0.999998    -0.148802
           0            0            0            1
1498459400.919543000
   0.987297    0.158879  0.00122331     5.55471
  -0.158881    0.987297  0.00137209    0.143892
-0.000989777 -0.00154902    0.999998   -0.155046
          0           0           0           1
1498459401.121235000
    0.984136     0.177416 -0.000100742      5.78618
   -0.177415     0.984135   0.00169871     0.118882
 0.000400522  -0.00165389     0.999999    -0.160377
           0            0            0            1
1498459401.222128000
     0.98169     0.190481   0.00147012      5.89856
   -0.190482      0.98169  0.000700189     0.090415
 -0.00130983 -0.000967401     0.999999    -0.164531
           0            0            0            1
1498459401.423859000
   0.978031    0.208443  0.00264194     6.06619
  -0.208445    0.978034 0.000591695   0.0828772
-0.00246057 -0.00112939    0.999996   -0.156479
          0           0           0           1
1498459401.625562000
    0.97391    0.226928  0.00153026     6.29007
  -0.226926    0.973911 -0.00153076    0.018959
-0.00183771  0.00114357    0.999998   -0.189356
          0           0           0           1
1498459401.726435000
    0.970975      0.23918 -0.000320325      6.42011
   -0.239176      0.97095  -0.00717315    0.0110736
 -0.00140465   0.00704156     0.999974    -0.177645
           0            0            0            1
1498459401.928161000
    0.967348     0.253383  -0.00583566      6.59328
   -0.253392     0.967363 -0.000815506   -0.0247526
  0.00543856   0.00226759     0.999983    -0.184651
           0            0            0            1
1498459402.129905000
   0.966438    0.256808 -0.00689651     6.79553
  -0.256823    0.966457 -0.00142717  -0.0811758
 0.00629867  0.00315045    0.999975   -0.218709
          0           0           0           1
1498459402.230746000
   0.967142    0.254144 -0.00686267     6.87239
   -0.25416    0.967161 -0.00169492   -0.092207
 0.00620655  0.00338344    0.999975   -0.214002
          0           0           0           1
1498459402.432475000
   0.965725     0.25945  -0.0078437     7.15907
  -0.259469     0.96575 -0.00145991   -0.146368
 0.00719628  0.00344507    0.999968   -0.209645
          0           0           0           1
1498459402.533380000
   0.966127     0.25798 -0.00672722     7.24813
  -0.258001    0.966141 -0.00246827   -0.142437
 0.00586269  0.00412029    0.999974   -0.216193
          0           0           0           1
1498459402.735052000
   0.964948    0.262306  -0.0084744     7.52467
  -0.262331    0.964976 -0.00195684   -0.203416
 0.00766431  0.00411135    0.999962   -0.197324
          0           0           0           1
1498459402.936814000
   0.965135    0.261636 -0.00780037     7.62204
  -0.261661    0.965157 -0.00229957   -0.210647
 0.00692694  0.00426045    0.999967   -0.219676
          0           0           0           1
1498459403.037659000
    0.964815     0.262815   -0.0077733      7.73936
   -0.262827     0.964843 -0.000547735    -0.253576
  0.00735606    0.0025715      0.99997    -0.204837
           0            0            0            1
1498459403.239396000
   0.964663    0.263433 -0.00536059     7.98732
  -0.263433    0.964677 0.000769575   -0.275402
 0.00537397 0.000669779    0.999985   -0.203712
          0           0           0           1
1498459403.441115000
    0.964479     0.264119  -0.00464121      8.12833
   -0.264114      0.96449   0.00169869    -0.325149
  0.00492505 -0.000412541     0.999988    -0.225261
           0            0            0            1
1498459403.541966000
   0.963625    0.267215 -0.00487445     8.30913
  -0.267202    0.963636   0.0030738   -0.338159
 0.00551856 -0.00165952    0.999983    -0.23526
          0           0           0           1
1498459403.743716000
   0.963323    0.268297 -0.00500575      8.4729
  -0.268278    0.963333  0.00407137   -0.400708
 0.00591454 -0.00257911    0.999979   -0.224421
          0           0           0           1
1498459403.945410000
   0.961988    0.273045 -0.00499509     8.70532
  -0.273034       0.962  0.00281757   -0.438746
  0.0055746 -0.00134664    0.999984   -0.239673
          0           0           0           1
1498459404.147181000
   0.962434      0.2715 -0.00283048     8.91983
  -0.271491    0.962435  0.00335225   -0.494066
 0.00363429 -0.00245787     0.99999   -0.234835
          0           0           0           1
1498459404.248064000
   0.962085    0.272737 -0.00275553     9.03467
   -0.27273    0.962087   0.0027668   -0.501929
 0.00340566 -0.00191038    0.999992   -0.244745
          0           0           0           1
1498459404.449761000
    0.960908     0.276831  -0.00456791       9.2995
   -0.276825     0.960918   0.00199416    -0.566958
  0.00494144 -0.000651687     0.999988    -0.250819
           0            0            0            1
1498459404.651648000
    0.96059    0.277914 -0.00563929     9.45429
  -0.277891    0.960602  0.00443508   -0.583977
 0.00664968 -0.00269318    0.999974    -0.26319
          0           0           0           1
1498459404.853197000
   0.959295    0.282324 -0.00681216      9.6415
    -0.2823    0.959317   0.0042752   -0.633096
 0.00774201  -0.0021781    0.999968   -0.270507
          0           0           0           1
1498459405.054914000
   0.959325    0.282207 -0.00737574     9.90483
  -0.282176     0.95935  0.00495467    -0.67532
 0.00847415 -0.00267188    0.999961   -0.258179
          0           0           0           1
1498459405.256642000
   0.958516    0.284928 -0.00798872     10.1512
  -0.284887    0.958543  0.00593317   -0.733047
 0.00934806 -0.00341116     0.99995   -0.279179
          0           0           0           1
1498459405.357514000
   0.959112     0.28288 -0.00916624     10.1592
  -0.282851    0.959154  0.00434328   -0.766852
  0.0100205 -0.00157301    0.999949   -0.263737
          0           0           0           1
1498459405.559259000
   0.957391    0.288646 -0.00926417     10.3404
  -0.288599     0.95743  0.00615487   -0.803074
  0.0106464 -0.00321898    0.999938   -0.278489
          0           0           0           1
1498459405.760979000
   0.956989    0.289916  -0.0110342      10.621
  -0.289878    0.957051  0.00488945   -0.857121
  0.0119779 -0.00148056    0.999927   -0.278716
          0           0           0           1
1498459405.962695000
   0.957031    0.289763  -0.0113378     10.8178
  -0.289705    0.957094  0.00648042    -0.88941
  0.0127291 -0.00291735    0.999915   -0.277622
          0           0           0           1
1498459406.164437000
   0.956284    0.292242  -0.0107541     11.0437
  -0.292194    0.956341  0.00578924   -0.948202
  0.0119765 -0.00239385    0.999925   -0.270083
          0           0           0           1
1498459406.265304000
   0.956488    0.291542  -0.0115822     11.2073
  -0.291484    0.956554  0.00642173   -0.972588
  0.0129512 -0.00276627    0.999912   -0.273496
          0           0           0           1
1498459406.467003000
    0.955615     0.294393    -0.011513      11.3447
   -0.294363     0.955684   0.00425864     -1.01115
   0.0122565 -0.000680623     0.999925    -0.265115
           0            0            0            1
1498459406.668746000
   0.954355     0.29842  -0.0123387     11.5195
  -0.298374    0.954434  0.00543342    -1.07082
  0.0133979 -0.00150387    0.999909   -0.275303
          0           0           0           1
1498459406.870626000
   0.954213    0.298877  -0.0122163     11.7951
  -0.298828     0.95429  0.00572207    -1.14869
  0.0133681 -0.00180951    0.999909    -0.28172
          0           0           0           1
1498459407.072204000
    0.957324     0.288832   -0.0103518       11.995
   -0.288808      0.95738   0.00373864     -1.19393
   0.0109905 -0.000589389     0.999939    -0.266243
           0            0            0            1
1498459407.173071000
    0.95915    0.282682  -0.0110433     12.0788
  -0.282651    0.959213  0.00430579    -1.24446
  0.0118101 -0.00100849     0.99993   -0.284077
          0           0           0           1
1498459407.475644000
   0.966696    0.255774 -0.00890236     12.3944
  -0.255749    0.966736  0.00384166    -1.33913
 0.00958883 -0.00143695    0.999953   -0.276626
          0           0           0           1
1498459407.677397000
   0.974905    0.222366  -0.0106664     12.6445
  -0.222361    0.974963  0.00167819     -1.3879
  0.0107725 0.000735713    0.999942   -0.280525
          0           0           0           1
1498459407.778250000
   0.978677    0.205107  -0.0110806     12.7957
  -0.205076    0.978738  0.00390092     -1.4121
  0.0116451 -0.00154537    0.999931   -0.292883
          0           0           0           1
1498459407.980023000
   0.985283      0.1707 -0.00889687     12.9674
  -0.170694    0.985323  0.00141233    -1.44587
 0.00900737 0.000127095    0.999959   -0.278457
          0           0           0           1
1498459408.181741000
    0.991112     0.132742  -0.00876741      13.1303
   -0.132735     0.991151   0.00141664     -1.47364
  0.00887788 -0.000240307     0.999961    -0.297692
           0            0            0            1
1498459408.383444000
    0.995015    0.0995236  -0.00637526      13.3512
  -0.0995299     0.995034 -0.000678146     -1.43996
  0.00627611   0.00130929     0.999979    -0.280743
           0            0            0            1
1498459408.585630000
    0.997807    0.0657585  -0.00758696      13.5575
  -0.0657637     0.997835 -0.000436149     -1.48916
  0.00754185  0.000934139     0.999971    -0.294117
           0            0            0            1
1498459408.786882000
    0.99957   0.0281172 -0.00827175     13.7693
 -0.0281323    0.999603 -0.00170989    -1.46812
 0.00822039  0.00194186    0.999964   -0.314523
          0           0           0           1
1498459408.988599000
   0.999832   0.0168758 -0.00716791     14.0105
 -0.0168617    0.999856  0.00202673    -1.44386
 0.00720108 -0.00190552    0.999972   -0.296402
          0           0           0           1
1498459409.190363000
   0.999812   0.0184338 -0.00599278     14.2671
 -0.0184426    0.999829 -0.00142669    -1.38945
 0.00596546  0.00153695    0.999981   -0.313273
          0           0           0           1
1498459409.291179000
   0.999832   0.0170521 -0.00678972     14.2715
 -0.0170678    0.999852 -0.00225555    -1.40627
 0.00675025  0.00237105    0.999974   -0.304645
          0           0           0           1
1498459409.492921000
   0.999785   0.0198967 -0.00590951     14.4861
 -0.0199146    0.999797 -0.00299657    -1.37995
 0.00584869  0.00311361    0.999978   -0.313476
          0           0           0           1
1498459409.694697000
   0.999687   0.0242621 -0.00601947     14.7438
 -0.0242899    0.999694 -0.00459243    -1.37917
 0.00590621  0.00473721    0.999971   -0.324311
          0           0           0           1
1498459410.300854000
   0.999328   0.0360639 -0.00659893     15.2585
 -0.0360909     0.99934 -0.00401645    -1.34503
 0.00644973  0.00425191     0.99997   -0.348767
          0           0           0           1
1498459410.400697000
   0.999365   0.0352391 -0.00532118      15.383
 -0.0352526    0.999375 -0.00245692    -1.38477
 0.00523127  0.00264295    0.999983   -0.337091
          0           0           0           1
1498459410.501548000
   0.999278   0.0374882 -0.00619769     15.5934
 -0.0375054    0.999293 -0.00268456    -1.35555
 0.00609267  0.00291507    0.999977   -0.357124
          0           0           0           1
1498459410.602446000
   0.999287    0.037199 -0.00647281     15.6032
 -0.0372124    0.999305 -0.00196292    -1.36709
  0.0063953  0.00220239    0.999977   -0.350206
          0           0           0           1
1498459410.703268000
    0.99922   0.0392245 -0.00463838     15.6779
  -0.039239    0.999225 -0.00308168    -1.36969
 0.00451391  0.00326128    0.999985   -0.340415
          0           0           0           1
1498459410.804160000
   0.999305   0.0369881 -0.00464366      15.862
 -0.0369972    0.999314 -0.00187979    -1.31879
 0.00457094  0.00205028    0.999987    -0.35441
          0           0           0           1
1498459410.904999000
   0.999271   0.0378517 -0.00504559     15.9593
 -0.0378688    0.999277 -0.00333341    -1.32158
 0.00491577  0.00352204    0.999982   -0.353359
          0           0           0           1
1498459411.005870000
   0.999246   0.0384344 -0.00543868      16.018
 -0.0384604    0.999249 -0.00475527    -1.33332
 0.00525183  0.00496086    0.999974   -0.366909
          0           0           0           1
1498459411.106719000
   0.999176   0.0401784 -0.00576311     16.1873
 -0.0401913     0.99919 -0.00214142    -1.32788
  0.0056724  0.00237128    0.999981   -0.354935
          0           0           0           1
1498459411.207591000
    0.99911   0.0417709 -0.00593636     16.2438
 -0.0417873    0.999123  -0.0026576    -1.31101
 0.00582014   0.0029033    0.999979   -0.354252
          0           0           0           1
1498459411.308516000
    0.99902   0.0438927 -0.00563339     16.4164
 -0.0439079    0.999032  -0.0026037    -1.30987
 0.00551365   0.0028485    0.999981   -0.352396
          0           0           0           1
1498459411.409369000
   0.998954   0.0454302 -0.00519532     16.5718
 -0.0454475    0.998961 -0.00326484    -1.30202
  0.0050416  0.00349754    0.999981   -0.355177
          0           0           0           1
1498459411.510208000
   0.998924   0.0459867  -0.0059622     16.6622
 -0.0460043    0.998937 -0.00285417    -1.31769
 0.00582461  0.00312538    0.999978   -0.368362
          0           0           0           1
1498459411.611091000
   0.998847   0.0476967 -0.00539887     16.7803
 -0.0477128    0.998857 -0.00287748    -1.31267
 0.00525545  0.00313176    0.999981   -0.375699
          0           0           0           1
1498459411.711896000
   0.998898   0.0466262 -0.00543876     16.8091
 -0.0466487    0.998903 -0.00409395     -1.3151
 0.00524191  0.00434315    0.999977   -0.363392
          0           0           0           1
1498459411.812758000
   0.998824   0.0480681 -0.00636612     16.9679
 -0.0480851     0.99884 -0.00253492    -1.32385
 0.00623689  0.00283805    0.999977   -0.369412
          0           0           0           1
1498459411.913648000
   0.998874   0.0471144 -0.00560983     16.9856
 -0.0471386    0.998879 -0.00426828    -1.30849
 0.00540244  0.00452792    0.999975   -0.369881
          0           0           0           1
1498459412.014487000
   0.999089   0.0422466 -0.00606123     17.1363
 -0.0422744    0.999096 -0.00452319    -1.27858
 0.00586466  0.00477531    0.999971   -0.373312
          0           0           0           1
1498459412.116006000
   0.999464   0.0319436 -0.00720144     17.2091
 -0.0319678    0.999484 -0.00326627    -1.31689
 0.00709338  0.00349474    0.999969   -0.364089
          0           0           0           1
1498459412.216223000
   0.999778   0.0196542 -0.00764182     17.3961
 -0.0196808    0.999801  -0.0034216    -1.25295
 0.00757305  0.00357124    0.999965    -0.36947
          0           0           0           1
1498459412.317079000
   0.999916  0.00985096 -0.00845574     17.4359
-0.00988244    0.999944 -0.00368928    -1.28418
 0.00841893  0.00377254    0.999957   -0.368283
          0           0           0           1
1498459412.418322000
    0.99996  0.00302513 -0.00843218     17.5783
-0.00306241    0.999986 -0.00441223    -1.29891
 0.00841871  0.00443788    0.999955    -0.37135
          0           0           0           1
1498459412.518815000
   0.999961  0.00419675 -0.00779981     17.7565
-0.00421752    0.999988 -0.00264915    -1.29733
 0.00778859  0.00268194    0.999966   -0.370974
          0           0           0           1
1498459412.619666000
   0.999959  0.00439611 -0.00792288     17.7905
-0.00441989    0.999986  -0.0029875    -1.28575
 0.00790963  0.00302239    0.999964   -0.375026
          0           0           0           1
1498459412.720550000
    0.99993  0.00731878 -0.00930468     17.9209
-0.00734469    0.999969 -0.00275385    -1.29301
 0.00928424    0.002822    0.999953   -0.382552
          0           0           0           1
1498459412.821396000
   0.999923   0.0083678 -0.00918181     18.0105
-0.00839205    0.999961 -0.00260565    -1.28419
 0.00915965   0.0026825    0.999954   -0.387747
          0           0           0           1
1498459412.922292000
   0.999905  0.00863904  -0.0106919      18.102
-0.00866951    0.999959 -0.00280716    -1.26682
  0.0106672  0.00289959    0.999939   -0.385067
          0           0           0           1
1498459413.124090000
    0.99989   0.0108481   -0.010069     18.3223
 -0.0108655     0.99994 -0.00167827    -1.26946
  0.0100501  0.00178749    0.999948   -0.395788
          0           0           0           1
1498459413.224851000
   0.999886     0.01106  -0.0103152     18.4156
 -0.0110759    0.999938 -0.00149069    -1.25922
   0.010298  0.00160477    0.999946   -0.396853
          0           0           0           1
1498459413.325711000
   0.999874   0.0132098 -0.00880131     18.6126
 -0.0132281     0.99991   -0.002032    -1.22751
 0.00877368  0.00214817    0.999959   -0.401135
          0           0           0           1
1498459413.527441000
    0.999861    0.0146621  -0.00792219      18.7778
  -0.0146683     0.999892 -0.000727393     -1.23604
  0.00791067  0.000843497     0.999968    -0.407701
           0            0            0            1
1498459413.628315000
   0.999887   0.0135986 -0.00639718     18.8976
 -0.0136064    0.999907 -0.00118221     -1.1929
 0.00638051  0.00126912    0.999979   -0.411129
          0           0           0           1
1498459413.729204000
   0.999824   0.0173401 -0.00716174     18.9984
 -0.0173494    0.999849 -0.00123465    -1.22401
 0.00713925  0.00135869    0.999974   -0.414955
          0           0           0           1
1498459413.930930000
    0.999842    0.0169805  -0.00520067      19.2823
   -0.016982     0.999856 -0.000254884     -1.18916
  0.00519559  0.000343162     0.999986    -0.414757
           0            0            0            1
1498459414.032942000
   0.999768   0.0208315 -0.00553088      19.421
 -0.0208391    0.999782 -0.00132401    -1.17776
 0.00550209  0.00143896    0.999984   -0.422824
          0           0           0           1
1498459414.233511000
    0.99973   0.0230467 -0.00299699     19.5466
 -0.0230539    0.999731 -0.00238352    -1.16346
 0.00294125  0.00245197    0.999993     -0.4252
          0           0           0           1
1498459414.334372000
    0.999717    0.0238006 -0.000586986      19.7519
  -0.0238008     0.999717 -0.000222126     -1.14674
 0.000581533  0.000236034            1    -0.419691
           0            0            0            1
1498459414.536087000
   0.999725    0.023417 0.000789376     19.9779
 -0.0234179    0.999725  0.00111654    -1.14526
-0.000763013 -0.00113472    0.999999   -0.424728
          0           0           0           1
1498459414.636954000
   0.999666   0.0249161    0.006899     19.9934
 -0.0249356    0.999685  0.00275568    -1.16606
-0.00682817 -0.00292679    0.999972    -0.42542
          0           0           0           1
1498459414.838716000
   0.999678   0.0252009  0.00280035      20.243
  -0.025198    0.999682 -0.00105635    -1.10559
-0.00282608 0.000985444    0.999996    -0.43745
          0           0           0           1
1498459414.939520000
    0.999657     0.025552   0.00574281      20.3409
  -0.0255569     0.999673  0.000784307     -1.15655
 -0.00572089 -0.000930806     0.999983    -0.426975
           0            0            0            1
1498459415.141280000
   0.999659   0.0244924  0.00906938     20.5825
 -0.0245127    0.999697  0.00213657    -1.11858
-0.00901431 -0.00235816    0.999957   -0.452102
          0           0           0           1
1498459415.242209000
  0.999608  0.0252723  0.0120175    20.7313
-0.0253157   0.999674 0.00346882   -1.12579
-0.0119259 -0.0037717   0.999922  -0.447515
         0          0          0          1
1498459415.443842000
   0.999806   0.0137744   0.0140644     20.9252
 -0.0138313    0.999897   0.0039534    -1.12236
 -0.0140085 -0.00414716    0.999893   -0.454479
          0           0           0           1
1498459415.544708000
   0.999735   0.0108022   0.0203403     21.0532
 -0.0109274    0.999922  0.00605236    -1.10277
 -0.0202733 -0.00627301    0.999775   -0.453604
          0           0           0           1
1498459415.746438000
    0.99976 -0.00857328   0.0201817     21.2439
 0.00850391    0.999958  0.00352088    -1.08694
 -0.0202111  -0.0033484     0.99979   -0.457562
          0           0           0           1
1498459415.948545000
     0.9993  -0.0297926   0.0226032     21.4831
   0.029712    0.999551  0.00389349    -1.06465
  -0.022709 -0.00321918    0.999737   -0.451824
          0           0           0           1
1498459416.049619000
    0.99907  -0.0367171     0.02261     21.5663
  0.0366528    0.999323  0.00325099    -1.06908
  -0.022714 -0.00241924    0.999739   -0.462971
          0           0           0           1
1498459416.250764000
   0.999144  -0.0348229    0.022348     21.7988
  0.0347236    0.999385   0.0048144    -1.05037
 -0.0225019 -0.00403428    0.999739   -0.473586
          0           0           0           1
1498459416.351615000
  0.999198 -0.0325076  0.0233806    21.9449
 0.0323875    0.99946 0.00549704    -1.0212
-0.0235467 -0.0047354   0.999712  -0.488274
         0          0          0          1
1498459416.452520000
   0.999209   -0.032191   0.0233283     22.0155
  0.0320047    0.999453  0.00831671    -1.03259
 -0.0235833 -0.00756352    0.999693   -0.488827
          0           0           0           1
1498459416.654247000
   0.999188  -0.0310215   0.0257171      22.204
  0.0308613    0.999502  0.00660322    -1.02011
 -0.0259091 -0.00580419    0.999647   -0.492216
          0           0           0           1
1498459416.855929000
  0.999207 -0.0305348  0.0255345    22.4697
 0.0303826   0.999518 0.00632802  -0.970975
-0.0257155 -0.0055472   0.999654  -0.506915
         0          0          0          1
1498459416.957231000
   0.999225  -0.0287138    0.026925      22.552
  0.0285222    0.999565  0.00747496   -0.984619
 -0.0271279 -0.00670121    0.999609   -0.521348
          0           0           0           1
1498459417.158522000
   0.999356   -0.025333   0.0253988     22.7044
   0.025177    0.999662  0.00644143   -0.979855
 -0.0255534 -0.00579782    0.999657   -0.528587
          0           0           0           1
1498459417.259391000
   0.999326   -0.024976   0.0269183     22.8322
  0.0247997    0.999669  0.00686446   -0.946514
 -0.0270808 -0.00619226    0.999614   -0.521757
          0           0           0           1
1498459417.461117000
   0.999418  -0.0227425   0.0254407     23.0594
  0.0225987    0.999727  0.00592869   -0.929562
 -0.0255685 -0.00535031    0.999659   -0.533618
          0           0           0           1
1498459417.664083000
   0.999401  -0.0230685   0.0257824     23.2953
  0.0228973    0.999714  0.00691667   -0.929302
 -0.0259346 -0.00632218    0.999644   -0.545915
          0           0           0           1
1498459417.864595000
    0.99944  -0.0197629    0.026987     23.5065
  0.0196255    0.999793  0.00534547   -0.927212
  -0.027087 -0.00481284    0.999621   -0.558014
          0           0           0           1
1498459417.965496000
    0.99943   -0.019099   0.0278443     23.5649
  0.0189765    0.999809  0.00465791   -0.867897
 -0.0279279 -0.00412686    0.999601   -0.560817
          0           0           0           1
1498459418.167476000
   0.999368  -0.0185688   0.0303147     23.8373
   0.018426    0.999818  0.00498406   -0.850709
 -0.0304017 -0.00442233    0.999528   -0.570501
