1496213159.642380000
    0.999999   0.00105459  0.000786041   -0.0118993
 -0.00105479     0.999999  0.000258638  -0.00268877
-0.000785767 -0.000259466            1   0.00736719
           0            0            0            1
1496213159.743207000
          1 0.000712261 0.000164023 -0.00189856
-0.000712251           1 -6.2088e-05  0.00925303
-0.000164067 6.19712e-05           1   0.0061425
          0           0           0           1
1496213159.844004000
           1  0.000147354  0.000691533   -0.0236925
-0.000146837            1 -0.000746949  -0.00234175
-0.000691643  0.000746847     0.999999    0.0136478
           0            0            0            1
1496213159.944797000
    0.999999   0.00168833  0.000121336   -0.0413836
 -0.00168832     0.999999 -0.000105323   0.00342822
-0.000121514  0.000105118            1   0.00629711
           0            0            0            1
1496213160.045644000
    0.999999   0.00136968  0.000163709   -0.0319041
 -0.00136974     0.999999  0.000392208  -0.00988245
-0.000163172 -0.000392432            1    0.0055126
           0            0            0            1
1496213160.146416000
    0.999999  0.000637961   0.00082516   -0.0450295
-0.000638095            1  0.000163201  -0.00736785
-0.000825056 -0.000163727            1   0.00640047
           0            0            0            1
1496213160.247234000
           1  0.000155355  0.000473274   -0.0465832
-0.000155329            1 -5.41858e-05  -0.00683355
-0.000473282  5.41122e-05            1    0.0076195
           0            0            0            1
1496213160.348071000
    0.999999  0.000638153   0.00107444   -0.0216424
-0.000637779            1 -0.000347859   0.00802636
 -0.00107466  0.000347173     0.999999   0.00516474
           0            0            0            1
1496213160.448850000
           1  0.000889973  0.000285498   -0.0143086
-0.000890039            1  0.000229255   0.00109935
-0.000285294 -0.000229509            1   0.00490046
           0            0            0            1
1496213160.549660000
           1  0.000518126  0.000648556   -0.0254769
-0.000518026            1 -0.000155595    0.0103168
-0.000648636  0.000155259            1   0.00358617
           0            0            0            1
1496213160.650480000
           1  0.000844827  0.000247622  -0.00663567
-0.000844801            1 -0.000108909  0.000607491
-0.000247714    0.0001087            1   0.00383878
           0            0            0            1
1496213160.751292000
           1  0.000452974  0.000402603   -0.0277305
-0.000453054            1  0.000198593   -0.0148468
-0.000402513 -0.000198775            1 -0.000718117
           0            0            0            1
1496213160.852097000
    0.999999   0.00145472 -1.99019e-05   -0.0324334
 -0.00145471     0.999999  0.000306987   -0.0174906
 2.03485e-05 -0.000306957            1 -0.000149012
           0            0            0            1
1496213160.952908000
           1  0.000472241  0.000112684   -0.0139016
-0.000472267            1  0.000238317  -0.00185609
-0.000112572 -0.000238371            1  -0.00301051
           0            0            0            1
1496213161.053763000
           1  0.000951719 -0.000167693   -0.0054611
-0.000951673            1  0.000271436  -0.00772142
 0.000167951 -0.000271276            1  -0.00512528
           0            0            0            1
1496213161.154567000
           1  0.000272181  0.000145459   -0.0470537
-0.000272263            1  0.000570328    0.0057621
-0.000145304 -0.000570368            1    0.0040735
           0            0            0            1
1496213161.255361000
    0.999996   0.00136049  -0.00229576   -0.0137064
 -0.00135861     0.999999  0.000822596   0.00624967
  0.00229688 -0.000819474     0.999997    0.0147898
           0            0            0            1
1496213161.356131000
    0.999998   0.00186852 -0.000612911   -0.0210465
 -0.00186813     0.999998  0.000638938    0.0142946
 0.000614104 -0.000637792            1   0.00269115
           0            0            0            1
1496213161.456954000
    0.999999  0.000714429 -0.000852052    0.0396322
-0.000714371            1   6.7634e-05   -0.0127389
   0.0008521 -6.70252e-05            1  -0.00657153
           0            0            0            1
1496213161.557765000
    0.999995   0.00301783  0.000134065    0.0954776
 -0.00301785     0.999995  0.000162203   -0.0201402
-0.000133575 -0.000162607            1  -0.00744963
           0            0            0            1
1496213161.658606000
    0.999997   0.00230882  0.000400329      0.19291
 -0.00230894     0.999997  0.000312806   -0.0381696
-0.000399606 -0.000313729            1  -0.00681913
           0            0            0            1
1496213161.759389000
     0.99999    0.0044083  0.000703728     0.232605
 -0.00440791      0.99999 -0.000556784   -0.0276866
-0.000706176  0.000553677            1  -0.00719833
           0            0            0            1
1496213161.860191000
    0.999982   0.00591344  0.000536635     0.342336
 -0.00591319     0.999982 -0.000478681   -0.0509024
-0.000539456  0.000475499            1  -0.00826991
           0            0            0            1
1496213161.961027000
    0.999976   0.00688547   0.00119673     0.442522
 -0.00688516     0.999976 -0.000263622   -0.0381775
 -0.00119852  0.000255375     0.999999   -0.0232371
           0            0            0            1
1496213162.061813000
     0.99997   0.00739333   0.00213986     0.556586
 -0.00739185     0.999972 -0.000697752      -0.0516
 -0.00214495  0.000681914     0.999997   -0.0302508
           0            0            0            1
1496213162.162626000
    0.999976   0.00689641  0.000829216     0.687035
 -0.00689678     0.999976  0.000447575   -0.0478048
 -0.00082611 -0.000453283            1   -0.0347923
           0            0            0            1
1496213162.263430000
    0.999973   0.00730365  0.000152911     0.810305
 -0.00730369     0.999973  0.000243919   -0.0694289
-0.000151125 -0.000245029            1   -0.0393269
           0            0            0            1
1496213162.364241000
    0.999956   0.00938577  0.000108661     0.896836
 -0.00938579     0.999956     0.000209   -0.0520639
-0.000106695 -0.000210011            1   -0.0417199
           0            0            0            1
1496213162.465048000
    0.999952   0.00976394  4.19193e-05      1.02937
 -0.00976394     0.999952  7.20702e-05   -0.0599079
-4.12137e-05 -7.24761e-05            1   -0.0418787
           0            0            0            1
1496213162.565843000
    0.999941    0.0108893 -0.000115946      1.16136
  -0.0108893     0.999941 -0.000401327   -0.0625968
 0.000111569  0.000402565            1   -0.0454769
           0            0            0            1
1496213162.666674000
    0.999946    0.0104291 -8.59568e-05      1.27681
  -0.0104291     0.999945 -0.000531289   -0.0748329
 8.04113e-05  0.000532156            1   -0.0558705
           0            0            0            1
1496213162.767484000
    0.999923    0.0124204 -0.000624586      1.41116
  -0.0124206     0.999923 -0.000201519   -0.0909805
 0.000622035  0.000209261            1   -0.0478554
           0            0            0            1
1496213162.868268000
    0.999937     0.011251 -0.000367598      1.50884
  -0.0112514     0.999936  -0.00106373   -0.0941005
 0.000355606    0.0010678     0.999999   -0.0536516
           0            0            0            1
1496213162.969094000
    0.999925    0.0122019  -0.00122267      1.63107
  -0.0122028     0.999925 -0.000764222    -0.116722
  0.00121325  0.000779085     0.999999    -0.056282
           0            0            0            1
1496213163.069880000
     0.99991    0.0134332 -0.000237937      1.75979
  -0.0134331      0.99991  0.000400273    -0.102284
 0.000243292 -0.000397041            1   -0.0694757
           0            0            0            1
1496213163.170714000
    0.999889    0.0148655 -0.000345053      1.86293
  -0.0148652     0.999889  0.000874031    -0.105994
 0.000358007 -0.000868805            1   -0.0687623
           0            0            0            1
1496213163.271537000
    0.999874    0.0158256    0.0013453      1.98497
   -0.015826     0.999875   0.00030736    -0.120898
 -0.00134027 -0.000328612     0.999999   -0.0799203
           0            0            0            1
1496213163.372340000
    0.999869    0.0161449  0.000880477      2.13329
  -0.0161452      0.99987  0.000264909    -0.157718
-0.000876085 -0.000279089            1    -0.079083
           0            0            0            1
1496213163.473155000
    0.999851    0.0171501   0.00182275      2.23772
  -0.0171489     0.999853 -0.000696206    -0.144913
 -0.00183443  0.000664844     0.999998   -0.0842011
           0            0            0            1
1496213163.573961000
   0.999583   0.0288365  0.00151471     2.36883
 -0.0288379    0.999584 0.000963088   -0.169728
-0.00148631 -0.00100637    0.999998  -0.0846865
          0           0           0           1
1496213163.674769000
   0.998636   0.0521945  0.00115526     2.46004
 -0.0521959    0.998636  0.00120398   -0.151871
-0.00109084 -0.00126264    0.999999  -0.0886047
          0           0           0           1
1496213163.775578000
     0.99747    0.0710901  0.000336156      2.58356
  -0.0710903      0.99747  0.000591474    -0.163991
-0.000293257 -0.000613875            1   -0.0953586
           0            0            0            1
1496213163.876402000
     0.99609    0.0883476 -0.000265718       2.6381
  -0.0883474     0.996089  0.000705872    -0.181412
 0.000327041 -0.000679636            1   -0.0746534
           0            0            0            1
1496213163.977181000
   0.995544    0.094289 -0.00147184     2.80114
 -0.0942865    0.995544  0.00164248   -0.195978
 0.00162015 -0.00149639    0.999998  -0.0998867
          0           0           0           1
1496213164.078020000
    0.995061    0.0992583 -0.000825726       2.9864
  -0.0992568     0.995061    0.0016433    -0.201208
 0.000984758  -0.00155322     0.999998    -0.109174
           0            0            0            1
1496213164.178837000
    0.994516     0.104572  -0.00177876      3.06579
    -0.10457     0.994517  0.000969174    -0.220638
  0.00187036 -0.000777854     0.999998     -0.10799
           0            0            0            1
1496213164.279640000
   0.994361    0.106041 -0.00129365     3.18303
  -0.106039     0.99436  0.00191482   -0.249311
 0.00148941 -0.00176685    0.999997   -0.114442
          0           0           0           1
1496213164.380407000
   0.994131    0.108172 -0.00126713     3.33048
   -0.10817    0.994131  0.00151768   -0.270008
 0.00142386 -0.00137171    0.999998   -0.117184
          0           0           0           1
1496213164.481282000
   0.993604    0.112918 -0.00109842     3.41038
  -0.112916    0.993603  0.00192688   -0.282904
 0.00130897 -0.00179053    0.999998   -0.125202
          0           0           0           1
1496213164.582055000
   0.993428    0.114459 -0.00083279     3.53756
  -0.114458    0.993426  0.00191421    -0.30446
 0.00104641 -0.00180631    0.999998   -0.127131
          0           0           0           1
1496213164.682835000
    0.993301     0.115555 -0.000825406      3.63906
   -0.115553     0.993299   0.00217421    -0.329517
  0.00107112  -0.00206427     0.999997    -0.134485
           0            0            0            1
1496213164.783642000
   0.992844    0.119406 -0.00143689     3.74514
  -0.119403    0.992843  0.00247984    -0.34725
 0.00172272 -0.00229052    0.999996   -0.142603
          0           0           0           1
1496213164.884469000
   0.992543    0.121889 -0.00134831     3.87634
  -0.121886    0.992542   0.0021089   -0.351478
  0.0015953 -0.00192883    0.999997   -0.144249
          0           0           0           1
1496213164.985286000
    0.992211     0.124566 -0.000622301       3.9976
   -0.124565     0.992209   0.00207718     -0.38599
 0.000876199  -0.00198349     0.999998    -0.144341
           0            0            0            1
1496213165.086075000
    0.991929     0.126791 -0.000354465       4.1525
    -0.12679     0.991926   0.00265413    -0.392323
 0.000688124  -0.00258777     0.999996    -0.141699
           0            0            0            1
1496213165.186948000
    0.992019     0.126084 -0.000601246      4.21404
   -0.126082     0.992017   0.00251245    -0.429331
 0.000913226   -0.0024166     0.999997    -0.152443
           0            0            0            1
1496213165.287693000
   0.991759    0.128119 0.000253522      4.3413
  -0.128119    0.991756  0.00240921   -0.456882
5.72326e-05 -0.00242184    0.999997   -0.160372
          0           0           0           1
1496213165.388532000
    0.99188     0.12717  0.00147724     4.46648
  -0.127173    0.991879  0.00187189   -0.473969
-0.00122719 -0.00204456    0.999997   -0.164487
          0           0           0           1
1496213165.489312000
   0.991765    0.128074 0.000157675     4.66367
  -0.128074    0.991762  0.00206736   -0.500094
  0.0001084 -0.00207053    0.999998   -0.172354
          0           0           0           1
1496213165.590154000
    0.99155     0.12972  0.00120408     4.74568
  -0.129722    0.991547  0.00258813     -0.5246
-0.000858171 -0.00272245    0.999996   -0.165931
          0           0           0           1
1496213165.690932000
   0.991537    0.129805  0.00213033      4.8579
   -0.12981    0.991536  0.00231015   -0.542347
-0.00181243 -0.00256714    0.999995   -0.173438
          0           0           0           1
1496213165.791775000
   0.991348    0.131261  0.00066931     4.92482
  -0.131262    0.991345  0.00236614    -0.58438
-0.000352935 -0.00243352    0.999997   -0.176392
          0           0           0           1
1496213165.892585000
   0.991249    0.132003 0.000814632     5.04873
  -0.132005    0.991245  0.00285172   -0.603678
-0.000431065  -0.0029343    0.999996    -0.18879
          0           0           0           1
1496213165.993368000
   0.991268    0.131857  0.00106922     5.20356
  -0.131859    0.991267  0.00186464   -0.622053
-0.000814011 -0.00198934    0.999998   -0.186556
          0           0           0           1
1496213166.094185000
    0.99157    0.129566  0.00120199     5.27967
  -0.129569    0.991565  0.00329347    -0.64007
-0.000765128 -0.00342145    0.999994    -0.18883
          0           0           0           1
1496213166.194997000
   0.992964    0.118404   0.0014609     5.43969
  -0.118407    0.992962  0.00250961    -0.67123
-0.00115347 -0.00266494    0.999996   -0.183314
          0           0           0           1
1496213166.295787000
   0.994682    0.102988  0.00109082     5.56443
  -0.102991    0.994679  0.00261343   -0.684121
-0.000815863 -0.00271187    0.999996   -0.191553
          0           0           0           1
1496213166.396597000
   0.996008   0.0892626 0.000708997     5.69317
 -0.0892637    0.996006  0.00179854   -0.702891
-0.000545624 -0.00185465    0.999998   -0.203777
          0           0           0           1
1496213166.497410000
    0.997159    0.0753226  0.000327301      5.78629
  -0.0753228     0.997159  0.000535031     -0.69693
-0.000286071 -0.000558164            1     -0.20909
           0            0            0            1
1496213166.598274000
   0.998206   0.0598726 0.000600089     5.90412
 -0.0598732    0.998205  0.00107694   -0.712282
-0.000534533 -0.00111094    0.999999   -0.211497
          0           0           0           1
1496213166.699080000
    0.998827    0.0484292 -2.17081e-05      6.01963
  -0.0484291     0.998826   0.00108648    -0.694353
 7.43001e-05  -0.00108416     0.999999    -0.217378
           0            0            0            1
1496213166.799841000
   0.998873   0.0474539 0.000145617     6.13762
 -0.0474541    0.998872  0.00159965    -0.72566
-6.95428e-05 -0.00160475    0.999999   -0.229158
          0           0           0           1
1496213166.900689000
    0.998855    0.0478262 -0.000944398      6.26597
  -0.0478247     0.998854   0.00158838    -0.726589
  0.00101928  -0.00154139     0.999998    -0.224499
           0            0            0            1
1496213167.001490000
   0.998813   0.0486842 -0.00168204     6.41928
 -0.0486808    0.998812  0.00199263    -0.72963
 0.00177705 -0.00190838    0.999997    -0.23311
          0           0           0           1
1496213167.102310000
    0.99907   0.0430996  -0.0015476     6.51493
 -0.0430972     0.99907  0.00154603   -0.763745
  0.0016128 -0.00147789    0.999998   -0.226198
          0           0           0           1
1496213167.203111000
   0.999721   0.0235652 -0.00159222     6.66996
 -0.0235631    0.999721  0.00131943   -0.811197
 0.00162287 -0.00128154    0.999998   -0.231033
          0           0           0           1
1496213167.303919000
    0.999891   -0.0147667 -0.000307409      6.71427
   0.0147665     0.999891 -0.000588202    -0.801869
 0.000316062  0.000583598            1    -0.239357
           0            0            0            1
1496213167.404716000
    0.999104   -0.0423203 -0.000872081      6.80545
   0.0423192     0.999103  -0.00126248    -0.772416
 0.000924728   0.00122444     0.999999    -0.239985
           0            0            0            1
1496213167.505519000
     0.99819   -0.0601151   -0.0019552      6.97543
   0.0601136     0.998191 -0.000824945    -0.748568
  0.00200126  0.000705917     0.999998    -0.245497
           0            0            0            1
1496213167.606318000
    0.998116   -0.0613541 -0.000577138      7.12126
   0.0613536     0.998116 -0.000856277      -0.7033
 0.000628586  0.000819254     0.999999    -0.252043
           0            0            0            1
1496213167.707159000
    0.998162   -0.0605942  -0.00034753      7.24913
   0.0605944     0.998162  0.000786661    -0.700703
 0.000299224 -0.000806274            1    -0.250047
           0            0            0            1
1496213167.807985000
    0.998138   -0.0610025 -0.000393873      7.36879
    0.061003     0.998136   0.00149416    -0.704731
 0.000301991  -0.00151541     0.999999    -0.251224
           0            0            0            1
1496213167.908812000
    0.998201    -0.059961  0.000542792      7.45459
   0.0599606     0.998201  0.000632285    -0.691017
-0.000579727 -0.000598601            1    -0.254473
           0            0            0            1
1496213168.009595000
    0.998323   -0.0578564   0.00190554       7.6021
   0.0578575     0.998325 -0.000523116     -0.68083
 -0.00187208  0.000632488     0.999998    -0.255453
           0            0            0            1
1496213168.110405000
   0.998282  -0.0585832   0.0013501     7.72313
  0.0585852    0.998281 -0.00146018   -0.691547
-0.00126223  0.00153676    0.999998   -0.272941
          0           0           0           1
1496213168.211193000
    0.998261   -0.0589227   0.00195244      7.87419
   0.0589224     0.998263  0.000228013    -0.688624
 -0.00196248 -0.000112574     0.999998    -0.274023
           0            0            0            1
1496213168.311980000
    0.998391   -0.0566727   0.00207744      7.98122
   0.0566725     0.998393  0.000121163    -0.670462
 -0.00208097 -3.23444e-06     0.999998    -0.275398
           0            0            0            1
1496213168.412827000
    0.99835  -0.0573559  0.00281575      8.0934
  0.0573539    0.998354 0.000791561   -0.684286
-0.00285651 -0.00062876    0.999996   -0.291978
          0           0           0           1
1496213168.513632000
    0.99837  -0.0570466  0.00163387     8.24935
  0.0570433     0.99837  0.00198631   -0.665055
-0.00174452 -0.00188988    0.999997   -0.290489
          0           0           0           1
1496213168.614444000
   0.998478  -0.0551395   0.0011521     8.37124
  0.0551369    0.998476  0.00217856   -0.680819
-0.00127047 -0.00211172    0.999997   -0.294136
          0           0           0           1
1496213168.715258000
   0.998483  -0.0550549 0.000161731     8.48104
  0.0550544    0.998481  0.00232291   -0.672865
-0.000289373 -0.00231049    0.999997   -0.297053
          0           0           0           1
1496213168.816070000
   0.998528  -0.0542378 9.07323e-05     8.57921
  0.0542374    0.998525  0.00260416   -0.662176
-0.000231842  -0.0025954    0.999997   -0.292508
          0           0           0           1
1496213168.916876000
   0.998514  -0.0544936 0.000204693     8.70863
  0.0544926    0.998509  0.00330262   -0.655953
-0.000384359 -0.00328656    0.999995   -0.311362
          0           0           0           1
1496213169.017702000
    0.998542   -0.0539881 -2.61159e-05      8.82043
    0.053988     0.998539   0.00224599     -0.64585
-9.51791e-05  -0.00224413     0.999997    -0.303226
           0            0            0            1
1496213169.118486000
   0.998611  -0.0526574 -0.00164544     8.93791
  0.0526635    0.998605  0.00390089   -0.654991
 0.00143773 -0.00398212    0.999991   -0.306776
          0           0           0           1
1496213169.219313000
   0.998702  -0.0508966 -0.00208816     9.08443
  0.0509038    0.998697  0.00356253   -0.632326
 0.00190412  -0.0036642    0.999991   -0.299685
          0           0           0           1
1496213169.320139000
   0.998875  -0.0473839 -0.00190717     9.17897
  0.0473924    0.998866  0.00464711   -0.644828
 0.00168481 -0.00473227    0.999987   -0.317255
          0           0           0           1
1496213169.420935000
   0.998907  -0.0466628 -0.00254819     9.30766
  0.0466757    0.998896  0.00525953   -0.665967
 0.00229995 -0.00537272    0.999983   -0.322982
          0           0           0           1
1496213169.521733000
   0.999032  -0.0439052 -0.00281468     9.45707
  0.0439215    0.999017  0.00599735    -0.64596
  0.0025486 -0.00611517    0.999978    -0.32844
          0           0           0           1
1496213169.622540000
    0.99924  -0.0387843 -0.00378066     9.52142
  0.0388051    0.999231  0.00558757   -0.653074
 0.00356104 -0.00573003    0.999977    -0.32861
          0           0           0           1
1496213169.723355000
    0.99939   -0.034691 -0.00389587     9.66749
  0.0347114    0.999383  0.00530846   -0.653732
 0.00370931 -0.00544046    0.999978   -0.340211
          0           0           0           1
1496213169.824160000
   0.999724  -0.0231868 -0.00365893     9.82899
  0.0232086    0.999712  0.00604062   -0.649576
 0.00351782 -0.00612388    0.999975   -0.335263
          0           0           0           1
1496213169.924995000
   0.999945 -0.00975777 -0.00394768     9.96169
 0.00978182    0.999933  0.00611735   -0.648816
 0.00388773 -0.00615562    0.999973   -0.340676
          0           0           0           1
1496213170.025755000
   0.999964  0.00730751 -0.00434279     10.0389
 -0.0072786    0.999951  0.00663593   -0.649025
 0.00439108 -0.00660408    0.999969   -0.343505
          0           0           0           1
1496213170.126596000
   0.999843    0.017084 -0.00459892     10.1124
 -0.0170484    0.999825  0.00766631   -0.668041
 0.00472909 -0.00758671     0.99996   -0.344244
          0           0           0           1
1496213170.227425000
   0.999728   0.0229484 -0.00418044     10.2619
 -0.0229109    0.999699  0.00880714    -0.68468
 0.00438129 -0.00870897    0.999952   -0.345479
          0           0           0           1
1496213170.328191000
   0.999718   0.0234347 -0.00391608      10.389
 -0.0234065    0.999701  0.00707499   -0.703126
 0.00408071 -0.00698133    0.999967   -0.345807
          0           0           0           1
1496213170.429019000
   0.999663   0.0256121 -0.00429599     10.5421
 -0.0255743    0.999636   0.0086349   -0.711688
 0.00451558 -0.00852212    0.999954   -0.355977
          0           0           0           1
1496213170.529837000
   0.999694   0.0244532 -0.00382388     10.6373
  -0.024419    0.999664  0.00874722   -0.704577
 0.00403649 -0.00865116    0.999954   -0.356742
          0           0           0           1
1496213170.630663000
   0.999633   0.0268681 -0.00345305     10.7798
 -0.0268385    0.999605  0.00833838   -0.730237
 0.00367572 -0.00824264    0.999959   -0.367437
          0           0           0           1
1496213170.731433000
   0.999572   0.0289559 -0.00405101     10.8506
 -0.0289193    0.999543  0.00883184   -0.729122
 0.00430489 -0.00871091    0.999953    -0.36085
          0           0           0           1
1496213170.832278000
   0.999595   0.0281803 -0.00387919     10.9801
 -0.0281397    0.999552   0.0101534   -0.726581
 0.00416358  -0.0100401    0.999941   -0.374392
          0           0           0           1
1496213170.933091000
   0.999577   0.0287915 -0.00400497     11.1075
 -0.0287475     0.99953   0.0106417   -0.736578
 0.00430948  -0.0105221    0.999935   -0.370493
          0           0           0           1
1496213171.033890000
    0.99955   0.0295221 -0.00539161     11.2281
 -0.0294632    0.999509   0.0106951   -0.732143
  0.0057047  -0.0105315    0.999928   -0.370288
          0           0           0           1
1496213171.134676000
   0.999488   0.0315238 -0.00543448     11.3631
 -0.0314619    0.999443    0.011124   -0.738479
 0.00578212  -0.0109473    0.999923   -0.369819
          0           0           0           1
1496213171.235498000
   0.999541   0.0298657 -0.00510325     11.4735
 -0.0298085    0.999496   0.0109377   -0.755682
 0.00542734  -0.0107805    0.999927   -0.380543
          0           0           0           1
1496213171.336273000
   0.999466   0.0323963 -0.00416788     11.6139
 -0.0323481    0.999414   0.0111614   -0.770214
 0.00452703  -0.0110206    0.999929    -0.40129
          0           0           0           1
1496213171.437156000
   0.999445   0.0328611 -0.00552383     11.7045
 -0.0327996    0.999403   0.0108727   -0.767402
 0.00587782  -0.0106855    0.999926   -0.392666
          0           0           0           1
1496213171.537906000
   0.999413   0.0335593 -0.00693547     11.8173
 -0.0334786    0.999374   0.0114459   -0.780971
 0.00731525   -0.011207     0.99991   -0.388975
          0           0           0           1
1496213171.638748000
  0.999369  0.0349436 -0.0063496    11.9371
-0.0348683   0.999325  0.0116101  -0.780934
  0.006751 -0.0113814   0.999912  -0.398393
         0          0          0          1
1496213171.739516000
   0.999347   0.0352564 -0.00792631     12.0357
 -0.0351654    0.999317   0.0113455   -0.785214
  0.0083209  -0.0110594    0.999904   -0.391781
          0           0           0           1
1496213171.840352000
   0.999355   0.0353729 -0.00611149     12.1534
 -0.0352965    0.999303   0.0121825   -0.794398
 0.00653816  -0.0119589    0.999907   -0.408203
          0           0           0           1
1496213171.941158000
   0.999321   0.0359826 -0.00798652     12.2617
 -0.0358871    0.999286   0.0117953   -0.807539
 0.00840525  -0.0115007    0.999899   -0.401625
          0           0           0           1
1496213172.041959000
   0.999278    0.037246 -0.00746905     12.4053
 -0.0371618    0.999247   0.0111223   -0.805645
  0.0078777  -0.0108367     0.99991    -0.40047
          0           0           0           1
1496213172.142805000
   0.999258   0.0375707 -0.00849656     12.5373
 -0.0374603    0.999216   0.0128021   -0.834893
 0.00897088  -0.0124743    0.999882   -0.404841
          0           0           0           1
1496213172.243618000
   0.999224   0.0384695 -0.00842852     12.6406
 -0.0383604    0.999183   0.0127471   -0.836153
 0.00891201  -0.0124139    0.999883   -0.410766
          0           0           0           1
1496213172.344408000
   0.999146   0.0402725 -0.00921511     12.7568
 -0.0401536    0.999112   0.0127467   -0.807496
 0.00972027  -0.0123658    0.999876   -0.418756
          0           0           0           1
1496213172.445200000
  0.999196   0.039442 -0.0071928    12.9198
-0.0393486   0.999145  0.0127059  -0.849399
0.00768779 -0.0124126   0.999893  -0.412685
         0          0          0          1
1496213172.546023000
  0.999134  0.0408322 -0.0079453    13.0398
-0.0407301    0.99909  0.0126174  -0.857199
0.00845327 -0.0122828   0.999889   -0.41522
         0          0          0          1
1496213172.646799000
   0.999111   0.0415129 -0.00734606     13.1178
 -0.0414166     0.99906   0.0128121   -0.865687
 0.00787102  -0.0124965    0.999891   -0.419199
          0           0           0           1
1496213172.747635000
   0.999061   0.0428745 -0.00618065     13.2577
 -0.0427854    0.998988   0.0138835   -0.880976
 0.00676965  -0.0136061    0.999885   -0.423474
          0           0           0           1
1496213172.848462000
   0.999073    0.042287 -0.00807436     13.3747
 -0.0421809    0.999027    0.012891    -0.89121
 0.00861163  -0.0125385    0.999884    -0.43328
          0           0           0           1
1496213172.949243000
   0.999055   0.0429632 -0.00662556     13.5184
 -0.0428867    0.999016    0.011288   -0.901865
 0.00710402  -0.0109932    0.999914   -0.430519
          0           0           0           1
1496213173.050094000
   0.998966    0.044926 -0.00691661     13.6096
 -0.0448401    0.998921   0.0121122   -0.899333
  0.0074533  -0.0117895    0.999903   -0.431617
          0           0           0           1
1496213173.150865000
   0.998909   0.0461014 -0.00749035     13.7257
 -0.0459991    0.998853   0.0132915   -0.934036
 0.00809451  -0.0129324    0.999884   -0.451181
          0           0           0           1
1496213173.251677000
   0.998899   0.0463054 -0.00746585     13.8585
 -0.0462173    0.998864   0.0115728   -0.932614
 0.00799325   -0.011215    0.999905     -0.4451
          0           0           0           1
1496213173.352495000
   0.998929     0.04579 -0.00671173     13.9563
   -0.04569    0.998852   0.0143567   -0.934187
 0.00736142  -0.0140346    0.999874   -0.455225
          0           0           0           1
1496213173.453308000
    0.99892   0.0458707 -0.00736058     14.1274
 -0.0457661    0.998857    0.013805   -0.953575
  0.0079854  -0.0134532    0.999878   -0.452534
          0           0           0           1
1496213173.554142000
   0.998895   0.0464772 -0.00702417      14.209
 -0.0463977    0.998862   0.0110847    -0.97518
 0.00753136  -0.0107465    0.999914   -0.454414
          0           0           0           1
1496213173.654923000
   0.998787    0.048485 -0.00853162     14.3293
 -0.0483737    0.998747   0.0128107   -0.985407
 0.00914206  -0.0123825    0.999882   -0.464805
          0           0           0           1
1496213173.755745000
   0.998738   0.0494813 -0.00865443     14.4325
 -0.0493915    0.998726   0.0103004   -0.994632
 0.00915309 -0.00985998     0.99991   -0.468668
          0           0           0           1
1496213173.856511000
    0.99868   0.0505168 -0.00927942     14.5292
  -0.050405    0.998658   0.0119045    -1.01264
 0.00986834  -0.0114211    0.999886   -0.455426
          0           0           0           1
1496213173.957344000
    0.99861   0.0518947 -0.00924194     14.7025
 -0.0517834    0.998587   0.0119026    -1.00812
 0.00984657  -0.0114075    0.999886   -0.465065
          0           0           0           1
1496213174.058184000
   0.998652     0.05111 -0.00910873     14.8476
 -0.0509966    0.998623   0.0122722    -1.02084
 0.00972342  -0.0117911    0.999883   -0.468354
          0           0           0           1
1496213174.360563000
   0.998731   0.0498999 -0.00677343     15.1646
 -0.0497661    0.998586   0.0186625     -1.0404
 0.00769511  -0.0183017    0.999803   -0.480566
          0           0           0           1
1496213174.461403000
   0.998643   0.0517862 -0.00543056      15.225
 -0.0516919    0.998531   0.0162568    -1.08493
 0.00626446   -0.015954    0.999853   -0.463134
          0           0           0           1
1496213174.562182000
   0.998572   0.0531599 -0.00524235     15.3504
 -0.0530679    0.998457    0.016349    -1.06742
 0.00610337  -0.0160475    0.999853   -0.475254
          0           0           0           1
1496213174.663028000
   0.998554   0.0534342 -0.00580946     15.4483
 -0.0533337    0.998444   0.0162591    -1.10778
 0.00666921  -0.0159258    0.999851   -0.470767
          0           0           0           1
1496213174.763838000
   0.998493   0.0545503 -0.00593912     15.5705
 -0.0544447    0.998377   0.0166855    -1.11092
 0.00683968   -0.016337    0.999843   -0.485603
          0           0           0           1
1496213174.864608000
     0.9985   0.0545011 -0.00529071     15.6855
 -0.0544069    0.998382   0.0165502    -1.10308
 0.00618415  -0.0162375    0.999849   -0.485041
          0           0           0           1
1496213174.965442000
   0.998366   0.0568537 -0.00580525      15.851
 -0.0567454    0.998238   0.0173702     -1.1403
 0.00678258  -0.0170124    0.999832   -0.491628
          0           0           0           1
1496213175.066256000
   0.998467   0.0551794 -0.00426813     15.9539
 -0.0551112    0.998372    0.014714    -1.12143
 0.00507309  -0.0144563    0.999883   -0.500206
          0           0           0           1
1496213175.167066000
    0.99836   0.0571274 -0.00365267      16.037
 -0.0570633    0.998246   0.0157442    -1.13003
 0.00454569    -0.01551    0.999869   -0.488466
          0           0           0           1
1496213175.267885000
  0.998383  0.0567227 -0.0037349    16.1312
-0.0566594   0.998276  0.0152935   -1.13954
0.00459595 -0.0150572   0.999876  -0.504083
         0          0          0          1
1496213175.368690000
   0.998254   0.0589516 -0.00362754     16.1648
 -0.0588914    0.998153    0.014925    -1.15886
 0.00450069  -0.0146854    0.999882   -0.493641
          0           0           0           1
1496213175.469490000
  0.998331  0.0576312 -0.0037199    16.2843
-0.0575671   0.998221  0.0155105   -1.16753
0.00460717 -0.0152705   0.999873  -0.498997
         0          0          0          1
1496213175.570289000
   0.998332   0.0576268 -0.00362181     16.3188
 -0.0575626    0.998216    0.015854    -1.17295
 0.00452896   -0.015619    0.999868    -0.49283
          0           0           0           1
1496213175.671123000
   0.998342   0.0574462 -0.00372765     16.3424
 -0.0573793    0.998223   0.0160788     -1.1648
 0.00464469  -0.0158382    0.999864   -0.508646
          0           0           0           1
1496213175.771914000
   0.998348    0.057308 -0.00407168      16.418
 -0.0572365    0.998234   0.0159253    -1.16292
 0.00497714   -0.015666    0.999865   -0.513583
          0           0           0           1
1496213175.872741000
   0.998363   0.0570027 -0.00463179     16.4163
 -0.0569186    0.998241   0.0166049    -1.17321
 0.00557017  -0.0163141    0.999851   -0.507383
          0           0           0           1
1496213175.973572000
  0.998348  0.0571597 -0.0058245    16.3802
-0.0570565   0.998233  0.0165662   -1.17081
0.00676113 -0.0162065   0.999846  -0.500855
         0          0          0          1
1496213176.074347000
   0.998304   0.0579071 -0.00597638     16.3917
 -0.0578003    0.998188   0.0167152    -1.18661
 0.00693348  -0.0163415    0.999842   -0.505508
          0           0           0           1
1496213176.175163000
   0.998312   0.0577588 -0.00617506     16.4084
 -0.0576449    0.998188   0.0172588    -1.18567
 0.00716072  -0.0168737    0.999832   -0.502432
          0           0           0           1
1496213176.275946000
   0.998311   0.0578429 -0.00548513     16.3768
 -0.0577376    0.998174   0.0177292    -1.19462
 0.00650062  -0.0173825    0.999828   -0.507828
          0           0           0           1
1496213176.376737000
   0.998305   0.0579209 -0.00568989     16.3783
 -0.0578167    0.998182   0.0170195     -1.1878
 0.00666533  -0.0166617    0.999839   -0.507726
          0           0           0           1
1496213176.477583000
   0.998251   0.0586672 -0.00731867     16.3695
 -0.0585443    0.998157   0.0159993    -1.17527
 0.00824381  -0.0155429    0.999845   -0.502064
          0           0           0           1
1496213176.578425000
   0.998511   0.0540967 -0.00698331     16.4261
  -0.053975    0.998405   0.0165652    -1.18609
  0.0078683  -0.0161636    0.999838   -0.512458
          0           0           0           1
1496213176.679209000
   0.998974   0.0448304 -0.00636827     16.4299
 -0.0447098    0.998839   0.0179507    -1.18829
 0.00716562  -0.0176476    0.999819    -0.51288
          0           0           0           1
1496213176.779988000
   0.998968   0.0448784 -0.00704424     16.5039
 -0.0447486    0.998843   0.0176188    -1.17308
 0.00782679  -0.0172854     0.99982   -0.506858
          0           0           0           1
1496213176.880829000
   0.998959   0.0450663 -0.00705503     16.5213
 -0.0449281    0.998816   0.0186557    -1.18966
 0.00788742  -0.0183193    0.999801   -0.509918
          0           0           0           1
1496213176.981650000
   0.998925   0.0458913 -0.00655957     16.6044
 -0.0457727    0.998803   0.0172196    -1.22324
 0.00734195  -0.0169008     0.99983   -0.513799
          0           0           0           1
1496213177.082426000
   0.998877   0.0469341 -0.00642117     16.7003
 -0.0468165    0.998752   0.0173691    -1.20124
 0.00722836   -0.017049    0.999829   -0.519766
          0           0           0           1
1496213177.183281000
   0.998868   0.0471119 -0.00651777     16.7992
 -0.0469935    0.998746    0.017268    -1.22474
 0.00732312  -0.0169422     0.99983   -0.516139
          0           0           0           1
1496213177.284066000
  0.998941  0.0459641 -0.0019755    16.9172
  -0.04593   0.998836  0.0147673   -1.24367
0.00265197  -0.014661   0.999889  -0.523656
         0          0          0          1
1496213177.384874000
   0.998836   0.0481091 -0.00339742     17.0142
 -0.0480586    0.998752   0.0136284    -1.23428
 0.00404883  -0.0134492    0.999901   -0.525447
          0           0           0           1
1496213177.485677000
   0.998881   0.0471683 -0.00348137     17.1301
 -0.0471122    0.998781   0.0147435    -1.26164
 0.00417255   -0.014563    0.999885   -0.528768
          0           0           0           1
1496213177.586516000
   0.998789   0.0490832 -0.00326586     17.2462
 -0.0490329    0.998699   0.0140107    -1.27039
  0.0039493  -0.0138336    0.999897   -0.532533
          0           0           0           1
1496213177.687281000
   0.998781   0.0492533 -0.00327857     17.3221
 -0.0492018    0.998687   0.0142687    -1.26654
 0.00397704    -0.01409    0.999893   -0.525971
          0           0           0           1
1496213177.788139000
    0.99874   0.0500922 -0.00290511     17.4449
 -0.0500482    0.998654   0.0136436    -1.27141
 0.00358464   -0.013481    0.999903   -0.539637
          0           0           0           1
1496213177.888925000
  0.998713  0.0505832 -0.0037451    17.5107
-0.0505231   0.998615  0.0147102   -1.27621
  0.004484 -0.0145021   0.999885  -0.537037
         0          0          0          1
1496213177.989704000
    0.99869   0.0509022 -0.00526278     17.6128
 -0.0508121     0.99858   0.0160289    -1.28849
 0.00607121  -0.0157405    0.999858   -0.549407
          0           0           0           1
1496213178.090514000
   0.998618   0.0523418 -0.00470876     17.6599
 -0.0522616    0.998509   0.0157848    -1.29636
 0.00552795  -0.0155169    0.999864   -0.553344
          0           0           0           1
1496213178.191323000
   0.998724   0.0503513 -0.00378908     17.8081
   -0.05029    0.998624   0.0148419    -1.33187
 0.00453118  -0.0146324    0.999883   -0.541271
          0           0           0           1
1496213178.292169000
   0.998879   0.0472271 -0.00328344     17.8911
 -0.0471795    0.998797   0.0133368    -1.32238
 0.00390935  -0.0131669    0.999906   -0.554314
