1521181487.125421000
           1  0.000278101 -0.000628397  -0.00563049
-0.000278143            1  -6.7843e-05   -0.0031839
 0.000628379  6.80178e-05            1   0.00216526
           0            0            0            1
1521181487.226223000
           1  0.000569348 -0.000351099  -0.00788689
-0.000569288            1  0.000171592   0.00795434
 0.000351197 -0.000171392            1  0.000240892
           0            0            0            1
1521181487.327027000
    0.999999  0.000576452 -0.000974433   -0.0109935
-0.000576828            1 -0.000385329   -0.0146703
 0.000974211  0.000385891     0.999999   0.00258619
           0            0            0            1
1521181487.427832000
           1  0.000576465 -0.000365472   -0.0018301
-0.000576503            1  -0.00010456 -0.000182509
 0.000365412  0.000104771            1   0.00185463
           0            0            0            1
1521181487.528634000
           1  0.000605645 -0.000764009   -0.0105581
-0.000605687            1 -5.59788e-05  -0.00456321
 0.000763975  5.64416e-05            1   0.00368908
           0            0            0            1
1521181487.629436000
           1  0.000366453 -0.000580793   -0.0103521
-0.000366495            1 -7.22016e-05  -0.00221431
 0.000580767  7.24144e-05            1    0.0010539
           0            0            0            1
1521181487.730242000
          1 0.000463099 -0.00085939 -0.00799227
-0.000463121           1 -2.5536e-05  0.00514722
0.000859378  2.5934e-05           1  0.00265145
          0           0           0           1
1521181487.832414000
           1  0.000567819 -0.000380634  -0.00890684
-0.000567857            1 -9.75453e-05  -0.00425923
 0.000380578  9.77615e-05            1  0.000692904
           0            0            0            1
1521181487.931848000
           1  0.000735278  -0.00063761  -0.00887871
 -0.00073533            1 -8.03474e-05  -0.00871468
  0.00063755  8.08162e-05            1   0.00154743
           0            0            0            1
1521181488.032651000
           1  0.000578166 -0.000339854  -0.00671482
-0.000578222            1 -0.000164403    -0.018887
 0.000339758  0.000164599            1  0.000804663
           0            0            0            1
1521181488.133454000
          1           0           0 -0.00932026
          0           1           0 -0.00169015
          0           0           1 0.000733852
          0           0           0           1
1521181488.234257000
           1 -0.000129976 -0.000647151  -0.00515032
 0.000129844            1 -0.000202868  -0.00863898
 0.000647177  0.000202784            1  0.000799477
           0            0            0            1
1521181488.335060000
    0.999999   0.00088348 -0.000796549   -0.0128703
 -0.00088358            1 -0.000124079   -0.0152982
 0.000796439  0.000124782            1   0.00255582
           0            0            0            1
1521181488.435864000
           1            0            0  -0.00387526
           0            1            0  -0.00519919
           0            0            1 -0.000240654
           0            0            0            1
1521181488.536667000
           1  0.000632164 -0.000260988  -0.00816059
 -0.00063214            1  9.54343e-05  -0.00520349
 0.000261048 -9.52693e-05            1   0.00108609
           0            0            0            1
1521181488.637472000
          1           0           0 -0.00791693
          0           1           0  -0.0163848
          0           0           1 -0.00049147
          0           0           0           1
1521181488.738274000
           1  0.000774345 -0.000580017  -0.00703239
-0.000774423            1 -0.000132608  -0.00827432
 0.000579915  0.000133058            1   0.00118548
           0            0            0            1
1521181488.839081000
           1  0.000178863 -0.000654322  0.000556946
-0.000178947            1 -0.000129207  -0.00107384
 0.000654298  0.000129324            1 -0.000237197
           0            0            0            1
1521181488.939880000
           1  0.000730531 -0.000632512  -0.00192738
-0.000730621            1 -0.000140935   -0.0066669
 0.000632408  0.000141397            1  0.000486374
           0            0            0            1
1521181489.040685000
    0.999999   0.00087828 -0.000805841   0.00698042
 -0.00087836            1 -9.84173e-05  -0.00429177
 0.000805755  9.91251e-05            1  0.000397921
           0            0            0            1
1521181489.141486000
           1  0.000499419 -0.000466393  -0.00496578
-0.000499465            1 -9.93653e-05   0.00245619
 0.000466343  9.95983e-05            1 -0.000387102
           0            0            0            1
1521181489.242290000
           1  0.000253748 -0.000639735    0.0041461
-0.000253712            1  5.65558e-05   -0.0084281
 0.000639749 -5.63934e-05            1  -0.00821775
           0            0            0            1
1521181489.343094000
    0.999998  0.000986037    -0.001538    0.0196447
-0.000986055            1 -1.12721e-05    0.0387747
  0.00153799  1.27887e-05     0.999999  -0.00157467
           0            0            0            1
1521181489.443897000
    0.999998   0.00185221 -0.000583052   0.00290012
 -0.00185233     0.999998  -0.00020936    0.0927091
 0.000582664   0.00021044            1   0.00535303
           0            0            0            1
1521181489.544699000
    0.999997   0.00220318  0.000445218   -0.0151072
 -0.00220298     0.999997 -0.000439777     0.155133
-0.000446185  0.000438795            1 -0.000924408
           0            0            0            1
1521181489.645504000
    0.999998   0.00211634 -0.000477141  -0.00959396
 -0.00211646     0.999998 -0.000248087     0.175756
 0.000476614  0.000249096            1   0.00127912
           0            0            0            1
1521181489.746307000
    0.999995   0.00297278  0.000429542  -0.00166512
  -0.0029727     0.999996 -0.000195432      0.21863
-0.000430121  0.000194154            1   0.00113261
           0            0            0            1
1521181489.847110000
    0.999994   0.00337367 -5.88367e-05  -0.00216103
 -0.00337368     0.999994 -0.000242799     0.258432
 5.80172e-05  0.000242996            1   0.00111246
           0            0            0            1
1521181489.947912000
    0.999991   0.00417212 -0.000670956   0.00328016
 -0.00417246     0.999991 -0.000511377       0.3049
 0.000668817  0.000514172            1 -0.000836015
           0            0            0            1
1521181490.048717000
    0.999987   0.00505099 -0.000841444    0.0125246
 -0.00505106     0.999987  -7.0173e-05     0.348871
 0.000841079  7.44222e-05            1   0.00581712
           0            0            0            1
1521181490.149519000
     0.99998   0.00625276 -0.000774163  0.000878334
 -0.00625322      0.99998 -0.000595418      0.41852
 0.000770425  0.000600248            1     0.007182
           0            0            0            1
1521181490.250321000
    0.999979   0.00635398  -0.00095519   0.00974274
  -0.0063544      0.99998 -0.000443024     0.455488
 0.000952356  0.000449084     0.999999  -0.00363845
           0            0            0            1
1521181490.351126000
   0.999978  0.00659425 -0.00115019   0.0183225
-0.00659439    0.999978 -0.00011899    0.497528
 0.00114938 0.000126572    0.999999  0.00588989
          0           0           0           1
1521181490.451929000
    0.999965   0.00826078  -0.00106094    0.0110469
 -0.00826131     0.999966 -0.000496074     0.578991
   0.0010568  0.000504821     0.999999   0.00486255
           0            0            0            1
1521181490.552782000
    0.999957   0.00922014  -0.00132228    0.0113211
 -0.00922034     0.999958 -0.000144368     0.620217
  0.00132089  0.000156554     0.999999    0.0112388
           0            0            0            1
1521181490.653586000
    0.999948    0.0101226  -0.00100092    0.0288811
  -0.0101226     0.999949 -3.54984e-05     0.671176
  0.00100051  4.56285e-05            1    0.0100349
           0            0            0            1
1521181490.754391000
    0.999938    0.0110294  -0.00164375    0.0294418
  -0.0110289     0.999939  0.000325643     0.737491
  0.00164724 -0.000307494     0.999999    0.0134636
           0            0            0            1
1521181490.855193000
    0.999928    0.0119057  -0.00137573    0.0266657
  -0.0119048     0.999929  0.000608906     0.807984
  0.00138288 -0.000592484     0.999999    0.0149499
           0            0            0            1
1521181490.955996000
   0.999923   0.0123287 -0.00117957   0.0233784
 -0.0123272    0.999923  0.00126287    0.871715
 0.00119505 -0.00124823    0.999999    0.010397
          0           0           0           1
1521181491.056798000
    0.999911    0.0133128 -0.000822561    0.0326223
  -0.0133118     0.999911   0.00117737     0.948165
 0.000838162  -0.00116631     0.999999   0.00899613
           0            0            0            1
1521181491.157602000
   0.999897   0.0142199 -0.00176511   0.0303583
 -0.0142176    0.999898  0.00128262     1.02335
 0.00178317  -0.0012574    0.999998   0.0125493
          0           0           0           1
1521181491.258405000
    0.999881    0.0154147 -0.000915771    0.0184565
  -0.0154132      0.99988   0.00168339      1.09284
  0.00094161  -0.00166907     0.999998    0.0153885
           0            0            0            1
1521181491.359216000
   0.999871   0.0159933 -0.00149992   0.0328841
   -0.01599     0.99987  0.00217546     1.15676
 0.00153452  -0.0021512    0.999996   0.0118386
          0           0           0           1
1521181491.460012000
   0.999841    0.017768 -0.00127023   0.0404243
 -0.0177644    0.999838  0.00281411     1.23636
 0.00132002  -0.0027911    0.999995  0.00580066
          0           0           0           1
1521181491.560815000
   0.999824   0.0187138 -0.00137072   0.0374064
  -0.018709    0.999819  0.00343403     1.29529
 0.00143473 -0.00340778    0.999993  0.00994021
          0           0           0           1
1521181491.661619000
   0.999808   0.0195202   -0.001584   0.0402112
  -0.019514    0.999802  0.00383225     1.36541
 0.00165849 -0.00380061    0.999991  0.00812072
          0           0           0           1
1521181491.762440000
   0.999784   0.0207592 -0.00137104   0.0353789
 -0.0207545    0.999779  0.00340903     1.41632
 0.00144151 -0.00337983    0.999993  0.00962645
          0           0           0           1
1521181491.863225000
   0.999784    0.020756 -0.00109884   0.0441594
 -0.0207513    0.999776  0.00414754     1.49232
 0.00118468 -0.00412384    0.999991   0.0111742
          0           0           0           1
1521181491.964038000
   0.999747   0.0224363 -0.00135659   0.0500407
 -0.0224278    0.999731  0.00596742     1.57775
 0.00149011 -0.00593549    0.999981  0.00272799
          0           0           0           1
1521181492.064832000
   0.999729   0.0232573 -0.00082891   0.0662093
 -0.0232509    0.999705  0.00698453     1.65762
0.000991107 -0.00696336    0.999975 0.000895858
          0           0           0           1
1521181492.165635000
    0.999699    0.0245313 -0.000472766    0.0604925
  -0.0245284     0.999685   0.00532134      1.71039
 0.000603157  -0.00530814     0.999986   0.00077939
           0            0            0            1
1521181492.266438000
    0.99968   0.0252003 -0.00207953   0.0599756
 -0.0251845    0.999656  0.00732976     1.77466
 0.00226353 -0.00727505    0.999971  0.00603074
          0           0           0           1
1521181492.367242000
   0.999637   0.0269104 -0.00100653   0.0739484
 -0.0269015    0.999606  0.00803228     1.86308
 0.00122229 -0.00800229    0.999967 -0.00310433
          0           0           0           1
1521181492.468045000
   0.999618   0.0276233 -0.00119698   0.0678296
 -0.0276122    0.999583  0.00842902     1.91951
 0.00142932 -0.00839275    0.999964 -0.00539649
          0           0           0           1
1521181492.568850000
   0.999572   0.0292349 -0.00111874   0.0697055
  -0.029223    0.999527  0.00954747     1.97791
 0.00139733 -0.00951069    0.999954 -0.00202334
          0           0           0           1
1521181492.669651000
    0.999552    0.0298605  -0.00188379    0.0819583
  -0.0298401     0.999504    0.0100618      2.07899
   0.0021833    -0.010001     0.999948 -0.000757992
           0            0            0            1
1521181492.770455000
   0.999546   0.0301036 -0.00139821   0.0771642
 -0.0300876    0.999494   0.0103305     2.16085
 0.00170849  -0.0102837    0.999946  0.00168568
          0           0           0           1
1521181492.871257000
   0.999495   0.0317243 -0.00185159   0.0881381
 -0.0317037    0.999445   0.0102375     2.18589
 0.00217533  -0.0101736    0.999946  0.00930697
          0           0           0           1
1521181492.972061000
    0.99945   0.0331347 -0.00146467   0.0873013
 -0.0331155    0.999384   0.0116257     2.29726
 0.00184898  -0.0115708    0.999931  0.00401986
          0           0           0           1
1521181493.072863000
    0.999471    0.0325014 -0.000911864    0.0918088
  -0.0324875     0.999394    0.0124683       2.3883
  0.00131655   -0.0124321     0.999922  0.000444353
           0            0            0            1
1521181493.173676000
    0.999435    0.0336151 -0.000448701    0.0889492
  -0.0336063     0.999348    0.0132188      2.45718
  0.00089276   -0.0131962     0.999913  -0.00548235
           0            0            0            1
1521181493.274470000
    0.999378    0.0352466 -0.000783103    0.0869908
  -0.0352339     0.999299    0.0126604      2.50074
  0.00122879   -0.0126249      0.99992  -0.00630155
           0            0            0            1
1521181493.375273000
   0.999346   0.0361234 -0.00145171    0.103106
 -0.0361021    0.999267   0.0127386     2.57357
 0.00191081  -0.0126778    0.999918 -0.00485316
          0           0           0           1
1521181493.476078000
    0.999331    0.0365738 -0.000779193    0.0989513
  -0.0365609      0.99925    0.0127351      2.64796
  0.00124438   -0.0126981     0.999919  -0.00713497
           0            0            0            1
1521181493.576881000
    0.99929   0.0376646 -0.00106665   0.0874586
 -0.0376468      0.9992   0.0135216     2.69638
 0.00157509  -0.0134718    0.999908  0.00106671
          0           0           0           1
1521181493.677685000
   0.999257   0.0385131 -0.00132567   0.0994782
 -0.0384958    0.999196   0.0112089     2.76109
 0.00175629  -0.0111495    0.999936  0.00815085
          0           0           0           1
1521181493.778488000
   0.999203   0.0398768 -0.00176377    0.110335
   -0.03985    0.999117   0.0132827     2.84373
 0.00229189  -0.0132018     0.99991  0.00139502
          0           0           0           1
1521181493.879292000
   0.999187   0.0402879 -0.00162125   0.0994606
 -0.0402628      0.9991    0.013349     2.89904
 0.00215759  -0.0132729     0.99991  0.00584319
          0           0           0           1
1521181493.980094000
   0.999155   0.0410672 -0.00170645    0.107077
 -0.0410431    0.999081   0.0123528     2.94942
 0.00221217  -0.0122723    0.999922   0.0115156
          0           0           0           1
1521181494.080898000
   0.999088   0.0426349 -0.00238759    0.103684
  -0.042595    0.998983   0.0148111     3.03198
 0.00301663  -0.0146959    0.999887   0.0072003
          0           0           0           1
1521181494.181701000
   0.999059   0.0433218 -0.00181888    0.111522
 -0.0432898     0.99895   0.0149927      3.1049
 0.00246648  -0.0148999    0.999886  0.00915104
          0           0           0           1
1521181494.282505000
   0.999003   0.0445823 -0.00254012    0.106963
 -0.0445367    0.998883   0.0158138     3.17389
  0.0032423  -0.0156849    0.999872  0.00518188
          0           0           0           1
1521181494.383307000
   0.998989   0.0449267 -0.00180394    0.117175
 -0.0448939    0.998874   0.0153207     3.25682
 0.00249021  -0.0152242    0.999881  0.00224525
          0           0           0           1
1521181494.484111000
   0.998937   0.0460543 -0.00192795    0.132114
 -0.0460212    0.998833   0.0146322     3.32131
 0.00259957   -0.014528    0.999891   0.0102457
          0           0           0           1
1521181494.584913000
   0.998889   0.0469614 -0.00395135    0.120463
 -0.0468961    0.998783   0.0152546     3.42489
 0.00466292  -0.0150523    0.999876    0.016571
          0           0           0           1
1521181494.685717000
   0.998811   0.0486728 -0.00278979    0.132595
 -0.0486165    0.998663   0.0175897     3.51206
  0.0036422  -0.0174331    0.999841  0.00313935
          0           0           0           1
1521181494.786520000
   0.998836   0.0482151 -0.00160197    0.132796
 -0.0481786    0.998677   0.0179652     3.58481
 0.00246604  -0.0178671    0.999837 -0.00134301
          0           0           0           1
1521181494.887323000
   0.998773   0.0494992 -0.00151748    0.143379
 -0.0494605    0.998587   0.0194217      3.6293
 0.00247669  -0.0193229     0.99981  -0.0015713
          0           0           0           1
1521181494.988126000
    0.998794    0.0490823 -0.000873958     0.140326
  -0.0490585     0.998633    0.0180618      3.67172
  0.00175928   -0.0179972     0.999837   -0.0122688
           0            0            0            1
1521181495.088931000
    0.998828    0.0483964 -0.000962443     0.163038
  -0.0483709     0.998664    0.0181704      3.67828
  0.00184054   -0.0181025     0.999834   -0.0159448
           0            0            0            1
1521181495.189733000
   0.998729   0.0503736 -0.00195576    0.170154
 -0.0503266    0.998546   0.0193146      3.7366
 0.00292586  -0.0191916    0.999812  -0.0247367
          0           0           0           1
1521181495.290536000
   0.998663   0.0516887 -0.00103741    0.173278
 -0.0516644    0.998527   0.0165882     3.84597
  0.0018933  -0.0165124    0.999862 -0.00948107
          0           0           0           1
1521181495.391339000
    0.998544    0.0539329 -0.000970068     0.176906
  -0.0539029     0.998348    0.0199153      3.92087
  0.00204255    -0.019834     0.999801  -0.00446397
           0            0            0            1
1521181495.492142000
   0.998446    0.055697 -0.00202631    0.175954
 -0.0556444    0.998243   0.0203607     4.01071
 0.00315677  -0.0202163    0.999791 -0.00416711
          0           0           0           1
1521181495.592947000
    0.99847    0.055287 -0.00130875    0.189176
   -0.05525    0.998274    0.019909     4.07108
  0.0024072  -0.0198062    0.999801  -0.0164981
          0           0           0           1
1521181495.693749000
   0.998328   0.0577936 -0.00130759     0.18481
 -0.0577533    0.998108   0.0210808     4.13835
 0.00252346  -0.0209701    0.999777  -0.0108221
          0           0           0           1
1521181495.794559000
   0.998302   0.0582133 -0.00217586    0.193953
 -0.0581559    0.998092   0.0207214     4.19017
 0.00337797  -0.0205597    0.999783 -0.00731769
          0           0           0           1
1521181495.895494000
   0.998192   0.0600603 -0.00241295    0.198675
 -0.0600002    0.997998   0.0199976     4.24295
 0.00360918  -0.0198166    0.999797 -0.00517973
          0           0           0           1
1521181495.996160000
   0.998149   0.0607838  -0.0017972    0.200324
 -0.0607319    0.997926   0.0213187     4.31783
  0.0030893  -0.0211701    0.999771 -0.00848228
          0           0           0           1
1521181496.096976000
   0.998091   0.0617286 -0.00201959    0.214816
 -0.0616729    0.997876   0.0209866     4.38801
 0.00331077   -0.020822    0.999778  -0.0109267
          0           0           0           1
1521181496.197765000
   0.997987   0.0633977 -0.00189679    0.230161
 -0.0633408     0.99775   0.0219856     4.46311
 0.00328636  -0.0218212    0.999757 -0.00213218
          0           0           0           1
1521181496.298569000
  0.997891  0.0649016 -0.0012172   0.224963
-0.0648576   0.997638  0.0226166     4.5085
0.00268218 -0.0224899   0.999743 -0.0156263
         0          0          0          1
1521181496.399372000
    0.997838    0.0657185 -0.000678029     0.242489
  -0.0656858     0.997578    0.0228804      4.61147
  0.00218005   -0.0227864     0.999738    -0.018653
           0            0            0            1
1521181496.500177000
   0.997755   0.0669369 -0.00199673    0.227736
 -0.0668747    0.997504   0.0226597     4.66232
 0.00350851  -0.0224753    0.999741 -0.00927407
          0           0           0           1
1521181496.600980000
   0.997641   0.0686237 -0.00173694     0.23326
 -0.0685639    0.997368   0.0235747     4.75461
 0.00335015     -0.0234    0.999721  -0.0227695
          0           0           0           1
1521181496.701781000
   0.997569   0.0696639 -0.00177401    0.246074
  -0.069604    0.997304   0.0232418      4.8079
 0.00338834  -0.0230618    0.999728  -0.0145224
          0           0           0           1
1521181496.802637000
    0.997582    0.0694906 -0.000925705     0.252922
  -0.0694451     0.997266    0.0252378      4.88183
  0.00267696   -0.0251125     0.999681   -0.0240865
           0            0            0            1
1521181496.903689000
   0.997685   0.0680043 0.000491848    0.257291
 -0.0679923    0.997311   0.0273319     4.96415
 0.00136816  -0.0273021    0.999626  -0.0415663
          0           0           0           1
1521181497.004597000
    0.998018    0.0629277 -0.000288413     0.269607
  -0.0628952      0.99763    0.0279006      5.02986
  0.00204345   -0.0278271     0.999611   -0.0377305
           0            0            0            1
1521181497.105495000
    0.998389    0.0567321 -0.000858411     0.265363
  -0.0566805     0.997937    0.0301567      5.11202
  0.00256749   -0.0300594     0.999545   -0.0464808
           0            0            0            1
1521181497.206299000
     0.99883    0.0483522 -0.000680059     0.274555
  -0.0483115     0.998403    0.0292929      5.18243
  0.00209535   -0.0292257     0.999571   -0.0465143
           0            0            0            1
1521181497.307151000
  0.999224  0.0393757 1.2109e-05   0.272834
-0.0393581   0.998769  0.0302002    5.24564
0.00117706 -0.0301772   0.999544 -0.0436754
         0          0          0          1
1521181497.407955000
    0.999547    0.0300982 -0.000827542     0.279818
  -0.0300566     0.999041    0.0318504      5.31679
  0.00178539   -0.0318111     0.999492   -0.0508297
           0            0            0            1
1521181497.508758000
   0.999794   0.0203047 0.000353541    0.287525
 -0.0203058      0.9993   0.0314176     5.38512
 0.00028463  -0.0314182    0.999506  -0.0523288
          0           0           0           1
1521181497.609562000
     0.99994     0.010983 -0.000550615     0.284891
  -0.0109601     0.999441      0.03157      5.46963
 0.000897039    -0.031562     0.999501   -0.0634381
           0            0            0            1
1521181497.710366000
   0.999998  0.00173396 -0.00132952    0.281936
-0.00168844    0.999437   0.0335056     5.55026
 0.00138687  -0.0335033    0.999438  -0.0616945
          0           0           0           1
1521181497.811170000
    0.99998 -0.00630498 0.000526107    0.290233
 0.00628407     0.99943   0.0331565     5.59149
-0.000734858  -0.0331525     0.99945  -0.0670735
          0           0           0           1
1521181497.912022000
  0.999912 -0.0130683 0.00229863   0.292148
 0.0129845    0.99936  0.0333326    5.65281
-0.00273276 -0.0332998   0.999442 -0.0748944
         0          0          0          1
1521181498.012825000
   0.999832  -0.0183326 0.000619435    0.288465
  0.0183003    0.999238   0.0344666     5.74079
-0.00125082  -0.0344495    0.999406  -0.0769017
          0           0           0           1
1521181498.113628000
    0.999768   -0.0215281 -0.000165763      0.28627
   0.0215209     0.999169     0.034608      5.80799
-0.000579421   -0.0346036     0.999401   -0.0730864
           0            0            0            1
1521181498.214533000
   0.999717  -0.0237748 0.000833018    0.285973
  0.0237309    0.999102   0.0351126     5.88058
-0.00166706  -0.0350828    0.999383  -0.0845391
          0           0           0           1
1521181498.315335000
  0.999653 -0.0263165 0.00103326   0.296161
 0.0262645   0.999046  0.0348927    5.95166
-0.00195053 -0.0348534   0.999391 -0.0812385
         0          0          0          1
1521181498.416137000
   0.999596  -0.0284199 0.000897285    0.287549
  0.0283703    0.998969   0.0354344     6.02541
 -0.0019034  -0.0353946    0.999372  -0.0877784
          0           0           0           1
1521181498.517041000
  0.999553  -0.029879 0.00117171   0.283448
  0.029818   0.998914  0.0357961    6.08739
-0.00223999 -0.0357452   0.999358 -0.0905895
         0          0          0          1
1521181498.617995000
    0.9995 -0.0315899 0.00105594   0.280632
 0.0315306   0.998841  0.0363692    6.17514
-0.00220361 -0.0363177   0.999338 -0.0968272
         0          0          0          1
1521181498.718797000
   0.999455  -0.0330038 0.000937511    0.274618
  0.0329473    0.998785   0.0366479      6.2465
-0.00214589   -0.036597    0.999328  -0.0936516
          0           0           0           1
1521181498.819651000
  0.999404 -0.0345153 0.00102986   0.285549
 0.0344522   0.998699  0.0376035    6.34747
-0.00232642 -0.0375456   0.999292  -0.106585
         0          0          0          1
1521181498.920455000
  0.999314 -0.0369404 0.00256579   0.291136
 0.0368228    0.99866  0.0363615    6.41129
-0.00390556 -0.0362421   0.999335  -0.104329
         0          0          0          1
1521181499.021308000
  0.999309 -0.0371191 0.00167992   0.283299
 0.0370278   0.998582  0.0382511    6.51308
-0.00309738 -0.0381625   0.999267 -0.0984981
         0          0          0          1
1521181499.122111000
  0.999238 -0.0390119 0.00139905   0.276189
 0.0389314    0.99853  0.0377223    6.58702
-0.00286862 -0.0376391   0.999287   -0.10381
         0          0          0          1
1521181499.222914000
  0.999173 -0.0406439 0.00150001   0.277401
 0.0405552   0.998425  0.0387762    6.67885
-0.00307366 -0.0386832   0.999247  -0.103906
         0          0          0          1
1521181499.323721000
   0.999135  -0.0415824 0.000236607    0.271925
  0.0415413    0.998369   0.0391645     6.78611
-0.00186477  -0.0391208    0.999233   -0.111848
          0           0           0           1
1521181499.423913000
  0.999063 -0.0432456 0.00140039   0.275931
 0.0431559   0.998277  0.0397443    6.88843
-0.00311674 -0.0396467   0.999209  -0.113729
         0          0          0          1
1521181499.524296000
  0.998998 -0.0447311 0.00123705   0.272017
  0.044647   0.998216   0.039637    6.96649
-0.00300785  -0.039542   0.999213  -0.118397
         0          0          0          1
1521181499.625100000
  0.998951 -0.0457574 0.00152856    0.27278
 0.0456573   0.998127  0.0407146    7.08799
-0.00338869 -0.0406021    0.99917  -0.122937
         0          0          0          1
1521181499.725781000
  0.998818 -0.0485911 0.00142331   0.260857
 0.0484905   0.997963  0.0414471     7.1805
-0.00343437 -0.0413291    0.99914  -0.129037
         0          0          0          1
1521181499.826633000
  0.998741 -0.0501411 0.00121975   0.266702
 0.0500458   0.997865  0.0419567    7.31065
-0.0033209 -0.0418429   0.999119  -0.127846
         0          0          0          1
1521181499.927438000
  0.998616 -0.0525561 0.00183902   0.263005
 0.0524325   0.997739  0.0420433    7.39822
-0.00404449 -0.0418887   0.999114  -0.132011
         0          0          0          1
1521181500.028243000
  0.998541  -0.053946 0.00219451    0.25433
 0.0538006   0.997612  0.0433119    7.51077
-0.00452578 -0.0431307   0.999059  -0.142243
         0          0          0          1
1521181500.129043000
  0.998387  -0.056759 0.00121251   0.258555
 0.0566528   0.997448   0.043457    7.62789
 -0.003676 -0.0433183   0.999055  -0.145686
         0          0          0          1
1521181500.229846000
   0.998306  -0.0581823 0.000481139    0.236141
  0.0581032    0.997317   0.0445358     7.75013
-0.00307104  -0.0444324    0.999008   -0.149032
          0           0           0           1
1521181500.330651000
   0.998221  -0.0596253 0.000661286    0.237225
  0.0595335    0.997189   0.0454962     7.86714
-0.00337215  -0.0453758    0.998964   -0.156181
          0           0           0           1
1521181500.431453000
  0.998078 -0.0619381 0.00193584   0.240449
 0.0617838    0.99703  0.0459858    7.99608
-0.00477836 -0.0457778    0.99894  -0.173921
         0          0          0          1
1521181500.532257000
   0.997957  -0.0638889 0.000673796    0.227417
  0.0637804    0.996776   0.0486874     8.10282
 -0.0037822  -0.0485449    0.998814   -0.175404
          0           0           0           1
1521181500.633059000
  0.997806 -0.0661888 0.00154408   0.225778
 0.0660331   0.996606  0.0491462    8.23784
-0.00479177 -0.0489364    0.99879  -0.181743
         0          0          0          1
1521181500.733862000
  0.997669  -0.068226 0.00115152   0.227589
 0.0680881   0.996479  0.0489325    8.32624
-0.00448594 -0.0487401   0.998801  -0.187482
         0          0          0          1
1521181500.834718000
  0.997554 -0.0698896 0.00152403   0.228861
 0.0697297   0.996346  0.0493236    8.43551
-0.00496567 -0.0490967   0.998782    -0.1902
         0          0          0          1
1521181500.935520000
  0.997349 -0.0727561 0.00103453   0.216836
 0.0726065   0.996031  0.0514869    8.56873
-0.00477641 -0.0512753   0.998673  -0.200408
         0          0          0          1
1521181501.036323000
  0.997213 -0.0745953 0.00159514   0.214504
 0.0744095    0.99585  0.0524074    8.72347
-0.00549787 -0.0521426   0.998625  -0.208906
         0          0          0          1
1521181501.338732000
   0.996495  -0.0836289 -0.00175129    0.178628
  0.0835824    0.994682   0.0601886     8.96819
-0.00329153   -0.060124    0.998185   -0.224061
          0           0           0           1
1521181501.439538000
    0.996303   -0.0859054 -0.000564043     0.171779
   0.0857845     0.994507    0.0599668      9.04164
 -0.00459052   -0.0597935       0.9982    -0.237446
           0            0            0            1
1521181501.540342000
   0.996002    -0.08933 0.000473639    0.168531
   0.089133    0.994131   0.0613149     9.20462
-0.00594812  -0.0610275    0.998118   -0.256612
          0           0           0           1
1521181501.641141000
    0.995877    -0.090706 -0.000700995     0.164986
   0.0905777     0.993994    0.0614081      9.28247
  -0.0048733   -0.0612185     0.998112    -0.247113
           0            0            0            1
1521181501.741945000
   0.995808  -0.0914674 0.000460571     0.15644
  0.0912659    0.993924   0.0615232     9.39338
-0.00608514  -0.0612233    0.998106   -0.258973
          0           0           0           1
1521181501.842749000
   0.995603  -0.0936707 0.000799566    0.142379
  0.0934413    0.993694   0.0619789     9.52471
-0.00660014  -0.0616317    0.998077   -0.269378
          0           0           0           1
1521181501.943553000
    0.995472   -0.0950536 -0.000429078     0.127183
   0.0948966     0.993548    0.0621052      9.63072
 -0.00547701   -0.0618647      0.99807    -0.267296
           0            0            0            1
1521181502.044355000
    0.995233   -0.0975226 -0.000691919     0.114331
   0.0973735     0.993266     0.062781      9.77729
 -0.00543531   -0.0625491     0.998027    -0.274475
           0            0            0            1
1521181502.145158000
    0.99511  -0.0987705 0.000618038    0.108936
  0.0985305     0.99309   0.0637436     9.85141
-0.00690975   -0.063371    0.997966   -0.285586
          0           0           0           1
1521181502.245963000
  0.994871   -0.10115 2.5585e-05  0.0921536
   0.10095   0.992918  0.0626323    9.96301
-0.00636068 -0.0623085   0.998037  -0.281747
         0          0          0          1
1521181502.346765000
   0.994686   -0.102955 -0.00063435   0.0795653
   0.102794    0.992741   0.0624449     10.1027
-0.00579928  -0.0621783    0.998048   -0.278062
          0           0           0           1
1521181502.447569000
    0.994502    -0.104717 -0.000264737    0.0661543
    0.104525     0.992522    0.0630393      10.2103
 -0.00633852   -0.0627204     0.998011    -0.285096
           0            0            0            1
1521181502.548373000
    0.994356    -0.106094 -0.000328078    0.0691989
    0.105906     0.992396    0.0627218      10.3326
 -0.00632884   -0.0624026     0.998031    -0.295215
           0            0            0            1
1521181502.649178000
    0.994207    -0.107481 -0.000598917     0.048026
    0.107305     0.992228    0.0630041      10.4682
 -0.00617747   -0.0627034     0.998013    -0.303343
           0            0            0            1
1521181502.749978000
    0.993911    -0.110181 -0.000794649    0.0395163
    0.110008     0.991895    0.0635824      10.5894
 -0.00621736   -0.0632827     0.997976    -0.311149
           0            0            0            1
1521181502.850783000
     0.99382    -0.111003 -0.000576144    0.0447137
    0.110817      0.99183    0.0631882      10.6843
 -0.00644262   -0.0628616     0.998001    -0.305816
           0            0            0            1
1521181502.951586000
    0.993648    -0.112535 -0.000375868    0.0177892
    0.112327     0.991594    0.0642145      10.8169
 -0.00685367   -0.0638488     0.997936    -0.313754
           0            0            0            1
1521181503.052388000
    0.993379    -0.114883 -0.000155918    0.0140026
    0.114657     0.991335    0.0640946      10.9243
 -0.00720883   -0.0636882     0.997944    -0.320952
           0            0            0            1
1521181503.153192000
   0.993098    -0.11729 0.000463278  0.00896056
   0.117015    0.991026   0.0646124     11.0651
-0.00803752  -0.0641122     0.99791   -0.328141
          0           0           0           1
1521181503.253994000
   0.992979   -0.118284 -0.00148879  -0.0213302
   0.118135    0.990923    0.064159     11.1534
-0.00611372  -0.0638843    0.997939    -0.32426
          0           0           0           1
1521181503.354798000
    0.99276   -0.120108 -0.00101743  -0.0339348
   0.119921    0.990668    0.064778     11.2819
-0.00677244  -0.0644311    0.997899   -0.324078
          0           0           0           1
1521181503.455602000
   0.992465   -0.122527 -0.00060796  -0.0492404
   0.122303    0.990328    0.065525     11.3995
-0.00742647  -0.0651056    0.997851   -0.335505
          0           0           0           1
1521181503.556405000
    0.992351    -0.123447 -0.000942352   -0.0537508
    0.123242     0.990202    0.0656619      11.5155
 -0.00717262   -0.0652758     0.997841     -0.33726
           0            0            0            1
1521181503.657216000
    0.992094    -0.125496 -0.000570703   -0.0792729
    0.125258     0.989909    0.0662625      11.6486
 -0.00775075   -0.0658101     0.997802    -0.346631
           0            0            0            1
1521181503.758011000
   0.991877   -0.127188 -0.00147306   -0.095302
   0.126998     0.98962   0.0672595      11.764
-0.00709683  -0.0669003    0.997734   -0.357637
          0           0           0           1
1521181503.858815000
      0.9916    -0.129337 -0.000814679    -0.103777
      0.1291     0.989364     0.067018      11.8878
 -0.00786189   -0.0665603     0.997751    -0.364189
           0            0            0            1
1521181503.959618000
  0.991312  -0.131527  -0.001248   -0.11932
  0.131311   0.989045  0.0674293    12.0025
-0.00763444 -0.0670073   0.997723   -0.36294
         0          0          0          1
1521181504.060421000
   0.991203   -0.132346 -0.00143166   -0.134694
   0.132145    0.988979   0.0667752     12.1169
-0.00742152  -0.0663769    0.997767   -0.369445
          0           0           0           1
1521181504.161227000
   0.991046   -0.133518 -0.00127601   -0.156195
   0.133301    0.988797   0.0671636      12.222
 -0.0077058  -0.0667323    0.997741   -0.377345
          0           0           0           1
1521181504.262028000
   0.990852   -0.134927 -0.00246529    -0.17165
    0.13478    0.988527   0.0681772     12.3071
-0.00676194  -0.0678858     0.99767   -0.380646
          0           0           0           1
1521181504.362831000
   0.990635   -0.136528 -0.00140693    -0.17295
   0.136306    0.988324   0.0680918        12.4
-0.00790593  -0.0676459    0.997678   -0.391798
          0           0           0           1
1521181504.463634000
    0.990443    -0.137919 -0.000885348     -0.17741
    0.137639      0.98798    0.0703611      12.5217
 -0.00882946   -0.0698105     0.997521    -0.410252
           0            0            0            1
1521181504.564437000
    0.990308    -0.138891 -0.000482163    -0.196573
    0.138582     0.987861    0.0701806      12.5815
 -0.00927117   -0.0695672     0.997534    -0.411368
           0            0            0            1
1521181504.665244000
    0.990169    -0.139871 -0.000875586     -0.19561
    0.139589     0.987732    0.0700001      12.6951
 -0.00892617   -0.0694342     0.997546     -0.41251
           0            0            0            1
1521181504.766093000
    0.989902    -0.141752 -0.000789852    -0.222633
     0.14144     0.987325    0.0719947       12.794
 -0.00942555   -0.0713794     0.997405    -0.428173
           0            0            0            1
1521181504.866898000
    0.989714    -0.143059 -0.000861763    -0.232501
    0.142756     0.987187    0.0712906       12.875
 -0.00934807   -0.0706803     0.997455    -0.434017
           0            0            0            1
1521181504.967703000
   0.989548   -0.144199 -0.00081125   -0.235763
   0.143888    0.987013   0.0714218     12.9715
-0.00949824  -0.0707921    0.997446   -0.438138
          0           0           0           1
1521181505.068503000
    0.989353    -0.145534 -0.000403102    -0.252233
    0.145179     0.986738     0.072602      13.0556
  -0.0101683   -0.0718876     0.997361    -0.449413
           0            0            0            1
1521181505.169307000
  0.989177   -0.14672  -0.001361  -0.272254
   0.14644   0.986623  0.0716346    13.1669
-0.00916743 -0.0710586    0.99743  -0.448922
         0          0          0          1
1521181505.270109000
   0.988945   -0.148261 -0.00260205   -0.287775
   0.148037    0.986137   0.0749529     13.2779
-0.00854661  -0.0745095    0.997184   -0.471606
          0           0           0           1
1521181505.370915000
  0.988733  -0.149661 -0.0028542  -0.300628
  0.149454   0.985937  0.0747727    13.3742
-0.00837651 -0.0743568   0.997197  -0.470008
         0          0          0          1
1521181505.471716000
   0.988492   -0.151258 -0.00225869   -0.311228
   0.150982    0.985538   0.0769374     13.4869
-0.00941138   -0.076393    0.997033   -0.489201
          0           0           0           1
1521181505.572520000
   0.988304   -0.152471 -0.00261178   -0.321249
   0.152209    0.985274   0.0778994     13.5716
-0.00930407  -0.0773859    0.996958   -0.500013
          0           0           0           1
1521181505.673323000
   0.988001   -0.154414 -0.00305002   -0.338291
   0.154177    0.984938   0.0782675     13.6576
-0.00908153  -0.0777986    0.996928   -0.500692
          0           0           0           1
1521181505.774125000
   0.987815   -0.155604 -0.00282618    -0.35151
   0.155341    0.984714   0.0787912      13.751
-0.00947726  -0.0782702    0.996887   -0.506758
          0           0           0           1
1521181505.874931000
   0.987685   -0.156419 -0.00328857   -0.372466
